0 0.5662124788613303 0.20300829692784664 0.3740223365276212 0.3280941727733934
1 0.06132856538895152 0.21822373520293123 0.12265713077790304 0.2494495138105975
1 0.21795729988726043 0.21158487175873733 0.16561266910935737 0.21398499154453215
1 0.3322382328072153 0.1871917277339346 0.14610343855693347 0.22515325535512964
1 0.9426635604565952 0.07231626972942502 0.11467287908680956 0.14463253945885005
1 0.8599629192502818 0.22994028325817362 0.20286517051860198 0.22637753664036075
1 0.9393980763810597 0.3978077437993235 0.12120384723788058 0.2646297209695602
1 0.2779030439684329 0.4252858124295378 0.23442784667418262 0.2118667206877114
1 0.0782813380777903 0.6699174711104847 0.1565626761555806 0.2276678762683202
1 0.20187429537767757 0.6192859533540023 0.23803903607666294 0.2135313909244645
1 0.461620102874859 0.5922460717305524 0.21482173055242398 0.20306774943630213
1 0.8403171681228863 0.6223576662908681 0.216684575817362 0.22051155580608794
1 0.6756117002536639 0.7623308906426156 0.21964398957158948 0.23021772829763243
1 0.6875396350056369 0.9469881799605411 0.2073086950394587 0.10602364007891785
1 0.5031025401634723 0.8757816903889515 0.18607754368658397 0.18686143602029304
1 0.3045619891488162 0.9279105305806088 0.2241976113303269 0.1441789388387824
1 0.09162512330890642 0.9114686090755355 0.18325024661781283 0.1770627818489291
1 0.469760692643743 0.9695294884441938 0.17156232384441933 0.05376268320180366
