0 0.5347819193912062 0.7108097872040585 0.36060808906426167 0.36665022547914305
1 0.09181669250281849 0.03666017826944758 0.18363338500563697 0.07332035653889515
1 0.07790920941375422 0.1964949443348365 0.15581841882750844 0.2056131975760992
1 0.3430673971251409 0.12624850267756482 0.20737034949267194 0.19170571448703494
1 0.5796047068771139 0.1222299534949267 0.22869398252536643 0.23363514656144305
1 0.7140972907271702 0.15037300944193913 0.22250651775648245 0.20127977029312288
1 0.8484401423337091 0.18536631552987595 0.18798442784667424 0.20495261414881621
1 0.05137357313979707 0.42080045095828633 0.10274714627959414 0.21252290022547915
1 0.11188962091319052 0.5348699971815106 0.22249330608793683 0.21375598928974066
1 0.18631535372040586 0.36693868024239007 0.20768742953776775 0.20771825676437428
1 0.2749128029875986 0.5228253593573844 0.15238338500563695 0.28080080326944756
1 0.4855948773957159 0.4550715191657272 0.22322435174746336 0.18690107102593007
1 0.6458480129650507 0.3726307074408117 0.20302811443066515 0.21463676719278468
1 0.7750030827226606 0.3812667347801578 0.23328723928974082 0.20795166290868095
1 0.9715090367812851 0.4184443700676438 0.05698192643742972 0.18395927282976327
1 0.9601778290586245 0.6650401634723788 0.07964434188275094 0.22450147970687706
1 0.8388176437429538 0.8310623943066515 0.22325958286358505 0.23342375986471253
1 0.9535741967305523 0.9343247956595266 0.09285160653889535 0.11908998027057505
1 0.6791149943630215 0.9532747322435174 0.20692115276211964 0.09345053551296512
1 0.5440234815388951 0.9661583110202931 0.1933791925028185 0.0676833779594137
1 0.2614545166290868 0.9247837690248026 0.23907835400225483 0.15043246195039472
1 0.02733714416572717 0.9025331172491544 0.05467428833145434 0.15174041713641506
