0 0.5670734392615557 0.2118314895715896 0.37387700817361885 0.40574795659526486
1 0.08225144447576099 0.22482076169673054 0.16450288895152199 0.2135137753664036
1 0.2162221674182638 0.1466627325253664 0.19138423055242387 0.22126021702367532
1 0.22563988514656141 0.01588262753664036 0.1951847872040586 0.03176525507328072
1 0.3156091459977452 0.22950209625140924 0.16963782412626835 0.26515378382187155
1 0.9580881834836528 0.054040128241262676 0.08364747745208578 0.10808025648252535
1 0.8557726183765502 0.13233687993235627 0.2147424605411501 0.22112810033821872
1 0.8716332264656144 0.3493407377395716 0.18115399520856812 0.2001259512401353
1 0.900650454481398 0.41297473928974066 0.17892562711386695 0.18371265501691092
1 0.5925455362175873 0.4776700782130778 0.23584149520856823 0.1960303339909809
1 0.18292656073844415 0.46923442784667424 0.18024679396843288 0.2219119926719278
1 0.27837646209131905 0.44403537204058624 0.1782738514656144 0.19210646843292
1 0.05405774379932356 0.5177564825253664 0.10811548759864711 0.21882046223224344
1 0.09163613303269447 0.8886256341600902 0.18327226606538893 0.22157729706877105
1 0.1412943912063134 0.7673447188556932 0.21131623449830889 0.2018434681510709
1 0.33215455890642615 0.6415344031848929 0.2562359075535513 0.20942696589627952
1 0.49284367953776775 0.7237109815388951 0.23419884441939115 0.18733705608793683
1 0.3352791185174746 0.8500585717305523 0.18263370208568205 0.1893364219278466
1 0.4502316445885005 0.8650384019165727 0.18934082581736184 0.19223858511837655
1 0.5818044496899661 0.9108542664881623 0.2007513035512964 0.1742927353438557
1 0.778568031285231 0.5610048795095828 0.21341248590755357 0.20451222519729428
1 0.9256821624859075 0.6068229460259301 0.14064701944757607 0.1897415797632469
1 0.8078406848928974 0.6774239007891769 0.21087584554678707 0.23662979143179264
1 0.9420404100901916 0.8028664916854567 0.11591917981961675 0.19848770434047347
1 0.8011379650507326 0.8938134160090192 0.2089733652762119 0.1591213359639233
1 0.9444273182074409 0.9541004615276212 0.10800979425028179 0.08694599069898534
1 0.74424191445885 0.974281285231116 0.1604380989289742 0.047791009019165664
