0 0.4692080045095829 0.4492495772266065 0.35667101183765504 0.386097801578354
1 0.2913943594983089 0.06041696025930102 0.24937905157835397 0.12083392051860203
1 0.1369235308624577 0.21163111259864714 0.2322303058060879 0.23198368799323565
1 0.19364342587373165 0.2901987034949267 0.2281126691093574 0.22615734216459973
1 0.037252501409244645 0.41853905369222094 0.07450500281848929 0.19134459554678684
1 0.48698430453776775 0.1206291396561443 0.2363083074971815 0.2245411147125141
1 0.6116474069898534 0.17525058131341598 0.20744961950394591 0.21361946871476886
1 0.8543325465050733 0.03432171293686584 0.18808131341600898 0.06864342587373168
1 0.8346493623167981 0.15537582793122884 0.19029646984216464 0.2212381975760992
1 0.9208488937429538 0.13972220264937993 0.1532201240135287 0.19489853438556934
1 0.17697250211386695 0.5489624436302142 0.1972898463923337 0.2312922773393462
1 0.038668351888387825 0.7962936865839909 0.07733670377677565 0.23256059751972935
1 0.2029708638669673 0.7144011591037204 0.227725126832018 0.21511679114994364
1 0.18687684963359638 0.8499925133878241 0.19794162204058624 0.22925327649379945
1 0.49852689895715896 0.7082401176719277 0.19187306228861317 0.1614157624013529
1 0.741187817080045 0.6284086104847803 0.17769694193912045 0.2006588218714771
1 0.9065957053269447 0.6567542453494926 0.1751999365839909 0.19477962936865845
1 0.69956885921646 0.8192093256764374 0.21995226183765504 0.1869935527057498
1 0.9199086633314544 0.8710100760992108 0.16018267333709135 0.21684751972942506
1 0.29554722731116123 0.910979777339346 0.2083700324126268 0.16888916290868072
1 0.42677212514092444 0.914982912908681 0.21446941939120628 0.1700341741826381
1 0.541896402903044 0.942579886555806 0.20792964346110487 0.10937059611048472
1 0.7633680066234497 0.9797024732243518 0.14271684751972935 0.040595053551296556
