1 0.148977629084014 0.05380323803967328 0.28886650379229867 0.10760647607934656
1 0.3798269763710618 0.10082409568261376 0.20740045215869313 0.20164819136522752
1 0.614691966890315 0.09866130032088681 0.2289645930571762 0.19732260064177362
1 0.8587824533255543 0.101437153588098 0.24037339556592752 0.202874307176196
1 0.18678438593932317 0.2254321032672112 0.20650707409568256 0.2345755542590432
1 0.03307549956242707 0.22398036391481912 0.06615099912485414 0.2374152202450408
1 0.11284367707117852 0.439952231621937 0.22398264294049006 0.19707190781796968
1 0.3781929149649942 0.3232524431155192 0.19548114789964993 0.22153041131855308
1 0.5916441802800466 0.3525903405775962 0.21580549883313882 0.2292380761376896
1 0.8023309874562425 0.30638993217619603 0.22171273337222852 0.23587459889148196
1 0.9505155156067677 0.3153373869603267 0.09896896878646444 0.23008587368728126
1 0.9218772790256708 0.49703042955075843 0.1562454419486582 0.21630232642940495
1 0.7835632110560092 0.6093271404609101 0.22145292444574083 0.23082427800466737
1 0.5611097943407234 0.5824278004667445 0.21937901108518093 0.23232387689614936
1 0.34908747812135354 0.4990428092182029 0.20361726954492418 0.2216215723453907
1 0.13765998760210035 0.5894494785589265 0.21635702304550758 0.19759608372228699
1 0.22304596338973162 0.7768286901983663 0.266996973453909 0.2037631271878646
1 0.4671569610560093 0.7822322600641773 0.20389531067677946 0.21254649212368726
1 0.7044240446324386 0.8303037485414235 0.2587423424737455 0.23048242415402553
1 0.9301478631855309 0.8442924081096849 0.13672330805134203 0.23825845974329063
1 0.5967332446032672 0.967874854142357 0.19550849620770128 0.06425029171528596
1 0.40087833649358223 0.9439997812135356 0.1791086274795799 0.11200043757292888
1 0.18650862383313885 0.9240491904900816 0.2457291058926488 0.15190161901983668
1 0.9041099948949824 0.9498728303675612 0.1917800102100351 0.0915211128938157
