0 0.5835968327226606 0.3451944757609921 0.2673116896843291 0.36413120067643734
1 0.12137559892897407 0.06423733441375422 0.24275119785794813 0.12847466882750844
1 0.36580247674746336 0.07957608159526493 0.21286199971815112 0.15915216319052986
1 0.9133710893461104 0.10971630143742953 0.17325782130777923 0.20808818348365277
1 0.37575526705186024 0.2615249788613303 0.19566040727170236 0.18839839346110485
1 0.12628593573844418 0.4256183060879368 0.215905087373168 0.22232595828635854
1 0.09719604354565953 0.5311773358229989 0.19439208709131905 0.17993852170236752
1 0.337359956313416 0.4002034596956031 0.19843045377677565 0.23891100620067646
1 0.8986819158680948 0.3321435491826381 0.2026361682638106 0.21891294391206317
1 0.3496908469560316 0.5822184153043968 0.2251356397970688 0.2301428621758736
1 0.24812614501127397 0.680980041572717 0.21095951944757613 0.20146473365276207
1 0.10350021138669671 0.715323773957159 0.201442714205186 0.193489289740699
1 0.04845159244644869 0.8829512225197294 0.09690318489289738 0.1741165797632469
1 0.23550459766065387 0.8966913578072153 0.2225241333145434 0.19428639374295376
1 0.4337060491826381 0.7966283821871476 0.22794091741826383 0.21119292559188285
1 0.5437482384441938 0.561969331313416 0.20872674746335956 0.17579005777903034
1 0.739692696589628 0.5121283117249154 0.1894421152762119 0.20847132187147682
1 0.9035548196166854 0.5440168757046223 0.19289036076662924 0.22132187147688837
1 0.6421707652198422 0.7298345899098082 0.19901176719278468 0.19564719560315658
1 0.5001827614148816 0.9465632046223225 0.2053225408680947 0.10687359075535519
1 0.6242359251691093 0.8731041255636978 0.17904893602029315 0.21012278043968446
1 0.8249630073280723 0.6920866509301016 0.14414811161217556 0.19023481538895137
1 0.9441454692784668 0.7397433413190531 0.11170906144306658 0.2067714205186021
1 0.8088403678128523 0.9145601395152199 0.19748802142051858 0.16341953213077798
1 0.9591825500281849 0.9271332440811725 0.08163489994363027 0.14008772547914305
