0 0.49520636626268316 0.41650445673618935 0.37234445462232235 0.4166916220405862
1 0.15723647125140924 0.15462496476888388 0.22273992390078917 0.20362704340473506
1 0.3006403255355129 0.08876039317925592 0.24314754791431786 0.17752078635851185
1 0.4381892087091319 0.07298125704622323 0.22460276916572713 0.14596251409244645
1 0.9031628734498309 0.04986303903607666 0.17664881623449835 0.09972607807215332
1 0.9220445497463359 0.20994222096956028 0.15591090050732814 0.19337478861330323
1 0.7850131235907553 0.34425424534949267 0.20747163895152188 0.21131183060879374
1 0.047022530298759864 0.43802626479706874 0.09404506059751973 0.21062482384441944
1 0.14555515431228863 0.36249515572153324 0.20038137683201807 0.2191331383878241
1 0.24566657271702363 0.43687464768883877 0.1676648816234498 0.25740734216459976
1 0.11424349985907553 0.6850800627113867 0.1865707793122886 0.22982578213077776
1 0.20589284456031565 0.6597246688275085 0.1807752607102593 0.19086457158962788
1 0.5123264867531003 0.6901709589909808 0.22273992390078912 0.18720493940248017
1 0.7928058060879368 0.5515651423337091 0.1783575253664036 0.18503382187147688
1 0.8203102980552422 0.6148005918827508 0.17902251268320168 0.20397054678692217
1 0.9628752113866967 0.670745402339346 0.07424957722660663 0.19384600479143177
1 0.7090834625140925 0.7589597132187147 0.21486576944757607 0.17778061583990978
1 0.874339416572717 0.8153449126268321 0.1955767333709132 0.18805489007891785
1 0.7324571061161218 0.8844705644024802 0.18635058483652767 0.21501109780157834
1 0.9193890043686583 0.9572338289177 0.16122199126268322 0.08553234216459982
1 0.2638304150225479 0.8517694828072153 0.24324883737316794 0.19829833709131905
1 0.09057919954904171 0.9379469947857948 0.18115839909808343 0.11756183060879355
1 0.398736964487035 0.9146504192502818 0.2634318630214207 0.15595493940248029
