0 0.6321497146279594 0.479046293686584 0.27904365135287484 0.28656109075535513
1 0.05474695250845547 0.03365232173055242 0.10949390501691093 0.06730464346110485
1 0.08329076240135287 0.17585831806651636 0.16658152480270574 0.20402779735062007
1 0.11688363162344981 0.24983925803269447 0.2170236753100338 0.2257389726606539
1 0.300690970264938 0.21309980975197296 0.2247260780721534 0.22636872886133033
1 0.5030210682074409 0.12019315459413754 0.24959484216459976 0.21545148675310033
1 0.6337086915163472 0.23055682779030437 0.27927265360766634 0.20981010428410368
1 0.9053670201521984 0.10621300732807214 0.18926595969560311 0.20586421927846674
1 0.9510727874859075 0.3687464768883878 0.09785442502818498 0.21057638105975196
1 0.882270821589628 0.41846638951521975 0.21535900507328076 0.20986295095828628
1 0.44077869574408113 0.3698364395434047 0.2149582511273957 0.23041590332581735
1 0.21938636203494924 0.4506742354847801 0.22719225620067646 0.22347537344983082
1 0.30254941164036075 0.5524349105129651 0.22355464346110485 0.20916273252536632
1 0.07585259301014656 0.5734546751691093 0.15170518602029312 0.21589187570462237
1 0.09401423337091319 0.8169281109075537 0.18802846674182638 0.26218556228861345
1 0.40565987880496057 0.7059985379086808 0.21295448139797074 0.18283628100338223
1 0.5463311196448704 0.7340645257891769 0.17322699408117248 0.20744521561443063
1 0.7363985872322435 0.7551657624013528 0.18938926860202931 0.21303375140924463
1 0.8541740064825254 0.7872128664036077 0.18018954340473503 0.2327455608793687
1 0.9759789846392333 0.721775472096956 0.04804203072153346 0.15243623167981957
1 0.9431127571871476 0.9077803516065388 0.11377448562570469 0.1645865628523111
1 0.28224087514092444 0.848288208145434 0.18666326099210823 0.18813856397970685
1 0.15937015572153326 0.9660460118376548 0.20415991403607667 0.06168968432919952
1 0.4050631517756482 0.9030373625986472 0.24247375281848926 0.18362017333709124
