0 0.7720326592446448 0.59099536710823 0.378646420518602 0.3553718644306652
1 0.07365064825253664 0.10747251972942502 0.1473012965050733 0.21494503945885005
1 0.4154012824126268 0.030426472660653892 0.19567361894024804 0.060852945321307784
1 0.5559580221251409 0.06178216600901916 0.24560932215332593 0.12356433201803832
1 0.9165330820180383 0.02204807285794814 0.16693383596392342 0.04409614571589628
1 0.825533311020293 0.11404092094137541 0.22268267333709146 0.19096586104847801
1 0.9768597625422774 0.1817529241826381 0.04628047491544529 0.23804784385569333
1 0.2010199408117249 0.2313187006764374 0.20643672491544535 0.20985414317925588
1 0.3767065071871477 0.18755284667418265 0.2494495138105975 0.22709096674182638
1 0.6187354671645997 0.2110431933483653 0.1914414811161217 0.1695849774520857
1 0.051701662908680945 0.42706938768320174 0.10340332581736189 0.22919162204058618
1 0.2114725725760992 0.45438891629086803 0.18768936724915442 0.19614043122886138
1 0.3315358124295378 0.5204670765219841 0.19781831313416012 0.2136635076099211
1 0.4495072047632469 0.3139664952085682 0.19348488585118379 0.1552106820744081
1 0.7626787979143179 0.2658275789177001 0.19720617249154448 0.1367055383314543
1 0.49641963782412624 0.49300882539458846 0.15024309470124003 0.18006183060879372
1 0.9758490698985343 0.4769214169954904 0.044981327508455515 0.13449918968432928
1 0.045864307356257045 0.6408055594701241 0.09172861471251409 0.17328424464487047
1 0.23461501197857948 0.718562834695603 0.21165533399098083 0.17373784526493796
1 0.14917955538331454 0.7999929537767756 0.22074496195039456 0.19162204058624566
1 0.4864734533540022 0.7451447118094701 0.22959677987598648 0.2938759512401353
1 0.37801446237316794 0.9242266770011274 0.22356345124013527 0.15154664599774537
