0 0.37488549887260425 0.7677476747463359 0.3935667981961668 0.3779065670800449
1 0.13581595264937993 0.09651344067080045 0.20709730834272827 0.1930268813416009
1 0.22403907130777903 0.08953107384441938 0.2122762824126268 0.17906214768883877
1 0.4606688627395716 0.0655871265501691 0.26150295941375423 0.1311742531003382
1 0.5803027233652762 0.06763713711950395 0.21363708427282974 0.1352742742390079
1 0.8363514656144306 0.06437605693348365 0.2123907835400225 0.1287521138669673
1 0.887531267615558 0.15676965896279593 0.2158918757046222 0.20789881623449832
1 0.7130513669673055 0.21177864289740697 0.18949936583990978 0.1995578494926719
1 0.8142241227452085 0.3310734040304396 0.22365152903043983 0.21106521279594131
1 0.8539736295095829 0.448197047632469 0.22850461527621202 0.21243482243517475
1 0.8832661006200677 0.5511709942220969 0.20864747745208556 0.21213976183765504
1 0.44794822787485905 0.23290189895715896 0.21060720828635848 0.1980296998308906
1 0.5151559857666291 0.26219216812288615 0.1979856609357385 0.21876321166854568
1 0.11584871758737315 0.28290145856820736 0.2148481538895152 0.23391699549041706
1 0.19414987316798196 0.4076063979706877 0.22140994926719276 0.201742178692221
1 0.3417220088782412 0.4303348717587373 0.21292365417136414 0.21105200112739575
1 0.49682039177001125 0.5095101994081173 0.16934716741826378 0.20727786781285223
1 0.667691304960541 0.5360656531848929 0.18417065952649359 0.21291484639233366
1 0.08880883596392335 0.5141981397970687 0.17541572717023676 0.17908857102593007
1 0.09526273604847801 0.6360361471251409 0.15784861189402477 0.2013898675310033
1 0.08789282694475761 0.7330582370349492 0.17129368658399097 0.20646314825253664
1 0.08584281637542276 0.9095198879650507 0.17168563275084553 0.17312130073280718
1 0.9429652268883877 0.7584004192502818 0.11406954622322452 0.19826750986471253
1 0.7848898146843292 0.7132715614430665 0.18455379791431792 0.2221498027057497
1 0.68024018813416 0.73963544602593 0.17180013387824122 0.2006896490980835
1 0.6885261062570462 0.8571334202367531 0.18050662344983082 0.21631024520856823
1 0.8853447364712513 0.9447091671364148 0.2152092728297632 0.11058166572717032
1 0.6867799640642616 0.9552124436302143 0.16873502677564833 0.08444898534385581
