0 0.3204556264092447 0.579739025507328 0.45060157130777906 0.44479724492671924
1 0.07415489360202931 0.05659438416009019 0.14830978720405863 0.11318876832018038
1 0.23952314684329196 0.11056625211386698 0.19093503382187146 0.22113250422773395
1 0.029444405298759864 0.2031448175028185 0.05888881059751973 0.1433950465050733
1 0.07539458850056371 0.3388022301296505 0.1470370631341601 0.23208938134160087
1 0.36292893883878236 0.1793395927282976 0.2422579622322434 0.19401775648252534
1 0.5379262965050733 0.07372331242953777 0.26444475760992114 0.14744662485907553
1 0.6639986436020293 0.20675820885005636 0.2148613655580609 0.2298037626832018
1 0.8836690565107101 0.10230015149379931 0.20600954763246893 0.20301490276211948
1 0.8629641699549041 0.3851069264374295 0.2717904453213078 0.22871159808342723
1 0.8065217199830891 0.5500524062852311 0.21162891065388956 0.2161561090755355
1 0.6196184470124013 0.5608947822717023 0.16206313416009022 0.25653096815107096
1 0.9125541678410372 0.7408178903607665 0.17489166431792558 0.27034596956031554
1 0.7157003065107103 0.8019791079481398 0.2163674957722661 0.2816375422773393
1 0.5499224915445321 0.7891373661217587 0.21528854284103716 0.2663031989853438
1 0.10170342446448703 0.84685474210823 0.20340684892897407 0.2549940107102594
1 0.3282879439120631 0.8667493129932355 0.22275753945885 0.1791105904735062
1 0.7814261555806088 0.954067432356257 0.21624859075535519 0.08037098365276207
1 0.9426613585118377 0.9783658927564824 0.10392298478015782 0.043268214487034995
1 0.9864382222378805 0.8885948069334837 0.027123555524239062 0.10683835963923327
1 0.3858665973788049 0.9707867989007892 0.21535460118376543 0.058426402198421545
1 0.06900014092446448 0.9569916149943631 0.13800028184892896 0.08243200394588512
