1 0.16398501312718786 0.10605673862310386 0.21410078763127188 0.20473855017502918
1 0.06973590650525087 0.1764717947782964 0.13947181301050174 0.2150443042590432
1 0.38329565344224037 0.12347305280046673 0.22283401400233366 0.18092728996499416
1 0.4523865956826137 0.17308060457992996 0.19891336056009334 0.15496007147024504
1 0.7539404353850641 0.06872857715869311 0.24380560822637098 0.13745715431738623
1 0.8681492488331388 0.14519672549591597 0.22932467911318555 0.19751859684947487
1 0.1269075444865811 0.33744393596849476 0.19673917007001165 0.211643997957993
1 0.28963909349474914 0.5122474839556592 0.21079620040840144 0.1899886960326721
1 0.09742151035589265 0.6232041277712952 0.193566766336056 0.2371007147024503
1 0.16301642721703616 0.6760114315927654 0.14761249270711785 0.1951894326137691
1 0.06976553383897315 0.8706698512252042 0.1395310676779463 0.23844989789965
1 0.427232989352392 0.8323776619019836 0.2280712149941656 0.2260975787631272
1 0.4393779171528588 0.938454911756126 0.2385866394399066 0.123090176487748
1 0.8368946907817968 0.8097834014002332 0.19975204200700114 0.20635210035005846
1 0.23167207555425903 0.925026892502917 0.1650926196032672 0.14891609539089834
1 0.9604976480455075 0.8912722432905483 0.07900470390898495 0.19369894982497082
1 0.8567472834014002 0.4798192276837805 0.1371472068261379 0.19587314031505243
1 0.959360414235706 0.34140488258459745 0.08004849766627742 0.290598563302217
1 0.9344757329346557 0.08656195303383897 0.12588882001166857 0.17312390606767794
1 0.9590345135647607 0.6101475897024503 0.07625164089848302 0.20183507147024504
0 0.5645101006417736 0.6288287631271878 0.4182103267211202 0.4062591161026837
