0 0.5564732771984215 0.5207599351747463 0.4608626338782412 0.4843045377677564
1 0.05393223294813979 0.047621459272829764 0.10786446589627958 0.09524291854565953
1 0.1354548337091319 0.11475875493235627 0.20088782412626832 0.2098321237316798
1 0.28328239501127395 0.10222308342728298 0.21522248449830886 0.19301366967305522
1 0.48422967164599773 0.18214707229425028 0.2263951521984216 0.21663172914317924
1 0.6237713148252536 0.0425041396561443 0.24203776775648245 0.0850082793122886
1 0.6261758385005637 0.17725655298759863 0.23433096110484786 0.1911199971815107
1 0.8685438979706877 0.07289978509019165 0.23353826099210817 0.1457995701803833
1 0.021821272547914317 0.3145147794532131 0.043642545095828635 0.16116914458850054
1 0.12144165727170235 0.3193392404171364 0.1839504650507328 0.18146667136414874
1 0.8367896526211951 0.4064525789177001 0.18806810174746325 0.21038260992108226
1 0.9058184188275085 0.35580564754791427 0.18374788613303272 0.20629139656144302
1 0.07650877254791431 0.5946616051296505 0.15301754509582863 0.1792118799323562
1 0.10921205608793687 0.646246564966178 0.1901863726042841 0.16828583004509579
1 0.24773419884441938 0.5684012119503945 0.18251920095828633 0.2139233370913191
1 0.028339029030439684 0.7901987034949267 0.05667805806087937 0.1764990839909809
1 0.11268452297068769 0.8324694370067642 0.21339927423900787 0.1977302353438558
1 0.10267668404735063 0.9389995243799323 0.20535336809470126 0.11795818066516361
1 0.2848611894024803 0.7616703072153326 0.1672597237880496 0.17780263528748586
1 0.47442441164036075 0.8457757891770012 0.23263546364148818 0.1547614853438557
1 0.8808373555524239 0.6156989853438557 0.20727786781285218 0.1941234498308907
1 0.7325495877959413 0.8084924605411499 0.22462919250281832 0.21562323844419395
1 0.8728729213641488 0.8320730869503946 0.20868270856820736 0.19371388810597523
1 0.9789868411781285 0.6930709202367531 0.040194299605411654 0.1566375422773394
1 0.8976712232243518 0.9716543651352876 0.20465755355129656 0.05669126972942495
