0 0.4906637542277339 0.6066908293404735 0.35481257046223225 0.3069378875422773
1 0.07024203776775649 0.10979557144870349 0.14048407553551298 0.2109154805524239
1 0.09304317573280721 0.06702719842164599 0.16230534808342728 0.13405439684329198
1 0.2853544250281849 0.0997657130777903 0.1865399520856821 0.1995314261555806
1 0.3685879368658399 0.07816463500563697 0.19235308624577235 0.15632927001127395
1 0.5734326557215332 0.06675415727170236 0.20393971956031565 0.13350831454340473
1 0.924849827367531 0.05242830467869222 0.15030034526493807 0.09978332863585118
1 0.810513845828636 0.13896473365276213 0.18815177564825247 0.2258490698985344
1 0.7323382010992108 0.14576433906426153 0.18202596533258164 0.2179132609921082
1 0.07665850479143178 0.33641091812288615 0.15331700958286357 0.20846691798196162
1 0.1359436654453213 0.254617478156708 0.19828072153325815 0.18129491967305522
1 0.5164309117812852 0.2176270081736189 0.24784209413754227 0.2303410372040586
1 0.9530941727733935 0.21961976817925594 0.09381165445321316 0.185857349210823
1 0.9413578072153326 0.3091508420236753 0.11728438556933485 0.20246001268320188
1 0.6172997991826381 0.33233732032130775 0.1931237669109357 0.18236946871476886
1 0.6797205291713642 0.381971357102593 0.21164652621195046 0.18152832581736184
1 0.8149089275648252 0.4089694017756482 0.19391206313415976 0.2006544179819616
1 0.9579670765219842 0.5223717587373168 0.08406584695603159 0.19991896843291995
1 0.9232137824126267 0.5787393425873731 0.1535724351747466 0.18756605834272833
1 0.8236066093573844 0.7246049711104847 0.2016364853438558 0.20604477874859062
1 0.9844058272266065 0.8897992707158962 0.031188345546787066 0.13328371617812862
1 0.880707440811725 0.7948315952649381 0.23230517192784672 0.20798689402480275
1 0.7512683201803834 0.9418730622886133 0.23352064543404738 0.11625387542277343
1 0.7220705326944756 0.9168303445603156 0.2136502959413754 0.1663393108793687
1 0.3507918193348365 0.3383089945039459 0.20220899098083422 0.20102434470124014
1 0.2765224246054115 0.4050565459413754 0.1753144377113867 0.1858793686583991
1 0.24919408821871475 0.48507521843291995 0.21248766910935732 0.19117284385569333
1 0.20304352804396844 0.6820810139515219 0.23006359216459976 0.20803533680947017
1 0.07715614430665163 0.769683184188275 0.15035759582863584 0.21062482384441938
1 0.08660909315107103 0.9136727557779031 0.17321818630214206 0.13355675732807204
1 0.32149714627959414 0.7986013246899661 0.2011696730552424 0.1711351465614429
1 0.3089923020011274 0.8874740170518602 0.20275947717023673 0.14984234075535507
1 0.41046011837655016 0.9782315741262683 0.24491791149943626 0.04353685174746347
