0 0.530036728438557 0.6510600162063134 0.4292338993799324 0.39922579622322424
1 0.10056501902480271 0.1415784420800451 0.20113003804960541 0.22002272406989853
1 0.3231772301296505 0.21396297209695603 0.2525234286922209 0.2078900084554679
1 0.4353509019165727 0.03716882750845547 0.1844172773393461 0.07433765501691093
1 0.6093023358229989 0.11963606257046222 0.22829322857948148 0.23927212514092444
1 0.8529012824126267 0.02452085682074408 0.2758332158962796 0.04904171364148816
1 0.8678546892615557 0.21502651141488163 0.20300609498308908 0.21806739712514095
1 0.1388061936302142 0.353295430524239 0.19843045377677565 0.2058950465050733
1 0.552124436302142 0.3593507786076663 0.22895821589627963 0.2087223435738444
1 0.7063332335118376 0.37342781144306647 0.20872234357384434 0.20353015783540018
1 0.3168422350620068 0.46496926085118373 0.23169743517474642 0.24745895574971816
1 0.10433915233934611 0.6001202261837655 0.20867830467869222 0.22961439543404732
1 0.8146799253100337 0.5731221815107101 0.22296892615558073 0.22862352029312294
1 0.1768491932074408 0.7734176824971815 0.21711615698985343 0.32995261414881616
1 0.3659874401071026 0.9383719701240134 0.17083127818489297 0.12325605975197318
1 0.49098523816234496 0.931228861330327 0.24482983370913192 0.1375422773393461
1 0.7462787133596391 0.8867627888951521 0.22611330326944745 0.21229389797068776
1 0.03756737950958286 0.7781496617812853 0.06827349915445322 0.21089346110484797
