0 0.39409966882750846 0.3909156567080045 0.3316833427282977 0.3273322998872604
1 0.06498819757609921 0.03486999718151071 0.12997639515219842 0.06973999436302142
1 0.06638643249718151 0.21709854143179255 0.13277286499436303 0.21499788613303267
1 0.1333717939684329 0.16317952015219842 0.23285125422773392 0.20689032553551295
1 0.3170316023111612 0.1555651951803833 0.21911111894024796 0.18895768742953778
1 0.5291053058060879 0.10624383455467867 0.19747040586245773 0.19009829481397966
1 0.5891853685174746 0.18664784737880497 0.16987123027057494 0.17627448562570458
1 0.6546800133878241 0.04007319264374296 0.1869230904735062 0.08014638528748592
1 0.8468965790586245 0.0900199055806088 0.21131183060879366 0.17668404735062004
1 0.969093503382187 0.10438539317925591 0.061812993235625835 0.18481362739571588
1 0.8142109110766629 0.1829287626832018 0.2210268108793687 0.18915586245772265
1 0.9168413542841036 0.36484903466741825 0.16631729143179264 0.19622850901916572
1 0.8298865558060879 0.35436777762119503 0.22267826944757596 0.22940741262683204
1 0.8832022442220968 0.6089478227170237 0.2006191868658399 0.22860590473506204
1 0.6820964275648251 0.5162239289740699 0.20871793968432906 0.1761731961668545
1 0.658535618658399 0.6300997040586246 0.2064014937993236 0.1927582440811726
1 0.017994292559188274 0.466937799464487 0.03598858511837655 0.14885586950394586
1 0.14269703001691092 0.552192696589628 0.2010595758173619 0.1728658751409245
1 0.13486691445885005 0.48103024591319044 0.16906972237880497 0.11845141629086808
1 0.07085638035512964 0.739624436302142 0.1417127607102593 0.20360942784667413
1 0.18730402691657272 0.7298830326944756 0.2122718785231116 0.18028642897406988
1 0.42556545941375423 0.6613827332299888 0.22384970405862453 0.19502624718151074
1 0.4687015572153326 0.7425948597801578 0.20847132187147688 0.16728174323562572
1 0.7749480341037204 0.8022631588218714 0.23027938275084558 0.15412292136414874
1 0.9487321202085681 0.8565146737598646 0.10253575958286365 0.1663745419954904
1 0.8856309892897405 0.9423773076381059 0.21845934329199557 0.11524538472378809
1 0.6247093432919955 0.9700887824126267 0.21881165445321304 0.05982243517474661
1 0.25320823351183763 0.8456722977733935 0.21659649802705747 0.20996424041713624
1 0.06643487528184892 0.9185390536922209 0.13286975056369785 0.15336545236753107
1 0.2128664036076663 0.9798720229706877 0.1652867812852311 0.04025595405862459
