0 0.3522561125986471 0.37414124154453215 0.5997877325253662 0.4115082440811725
1 0.11610634512401352 0.24701856679819617 0.23221269024802704 0.1924587795941376
1 0.025795782835400224 0.4123581947576099 0.04997974210822999 0.19131376832018032
1 0.8970987175873731 0.04441762965050733 0.20580256482525372 0.08883525930101466
1 0.6693515713077789 0.031342481679819616 0.23233159526493796 0.06268496335963923
1 0.5545157483089064 0.10137093080608794 0.23943947294250284 0.19896332440811726
1 0.7182831877113867 0.26502827297068776 0.21262859357384445 0.24547720546786927
1 0.8842922068771137 0.2739505531285231 0.21343890924464481 0.23565653184892904
1 0.9646499788613303 0.4029008420236753 0.07070004227733939 0.16840913895152199
1 0.8778933554114994 0.5217353967023675 0.24112175873731678 0.22824038190529883
1 0.16025753945885005 0.6595595229706877 0.2155175450958286 0.1840869856257047
1 0.425651335259301 0.6983005390360767 0.22528977593010152 0.21616491685456607
1 0.5604367777621194 0.7301560738444193 0.19062235766629082 0.22894060033821861
1 0.7876114184047351 0.7036248414599775 0.21935333286358516 0.20330555947012396
1 0.1570228826099211 0.96885128945885 0.22800257187147688 0.062297421082299964
1 0.1533434329199549 0.8660843256764373 0.2625422773393461 0.18326786217587365
1 0.3120419954904171 0.8208475725760992 0.21035618658399094 0.20603597096956028
1 0.524848946589628 0.9241033680947013 0.19519359498308902 0.15179326381059755
1 0.7719798125704622 0.933565124718151 0.25598048196166856 0.13286975056369799
1 0.7557338641488163 0.850021138669673 0.24655615839909795 0.17335470687711385
