0 0.7662789775930101 0.21060280439684329 0.3993138740135288 0.409975690529876
1 0.5471502430947012 0.06200015854002255 0.1917145222660654 0.1240003170800451
1 0.34497868517474634 0.08311240487598646 0.21966600901916578 0.16622480975197293
1 0.203886872886133 0.1651106257046223 0.22436055524239004 0.2932021561443066
1 0.10806264092446448 0.33878681651634723 0.21612528184892896 0.24578107384441933
1 0.08108221180947012 0.03792629650507328 0.16216442361894023 0.07585259301014656
1 0.20866509301014655 0.5027083920518602 0.1965808201803833 0.21003910653889513
1 0.6508442256200675 0.5053066868658399 0.23508402621195024 0.22794532130777906
1 0.9025243094701241 0.4575024661781285 0.19495138105975196 0.27469701240135286
1 0.0463861682638106 0.6714896596674182 0.0927723365276212 0.2147204410935738
1 0.20908126056933485 0.7256266734780158 0.22130865980834272 0.2353042206877114
1 0.4196466319052987 0.6648221709413753 0.2136855270574971 0.22676067502818475
1 0.500541678410372 0.8476518461104847 0.18882997463359646 0.18078847237880524
1 0.738400155016911 0.7191639656144306 0.21483934611048483 0.25305629932356255
1 0.9578459695603156 0.7360726994081173 0.08430806087936871 0.23044232666290865
1 0.7992266770011274 0.9281285231116122 0.2231274661781285 0.1437429537767756
1 0.03731855975197294 0.9150445673618939 0.07463711950394589 0.16991086527621224
1 0.17066833427282976 0.928146138669673 0.16362211104847796 0.1437077226606539
1 0.355508385005637 0.9273049957722661 0.18487528184892899 0.1453900084554678
1 0.576894112880496 0.9760538507609922 0.1630540093010146 0.04789229847801557
