0 0.5209118693630214 0.18952358723224352 0.41135410794813976 0.35036904594137547
1 0.04076900718714769 0.060353103861330325 0.08153801437429538 0.12070620772266065
1 0.14930066234498307 0.13366685456595265 0.16136731961668546 0.18980763810597517
1 0.03880046857384442 0.2804903290586246 0.07760093714768884 0.1753320532694476
1 0.03530598224351747 0.42392941445885 0.07061196448703494 0.18332951662908686
1 0.29947990064825253 0.39203424464487036 0.21131183060879366 0.19470476324689961
1 0.1967547738162345 0.42052961175310033 0.2066877466178128 0.17005619363021424
1 0.9634675345264938 0.03403986400789177 0.0730649309470125 0.06807972801578353
1 0.8121476888387824 0.17308386767192785 0.18980763810597534 0.2194854495490417
1 0.8995142509864713 0.22760622181510712 0.2009714980270575 0.19002783258173622
1 0.7185782483089065 0.4045368869785795 0.200200817361894 0.22540868094701239
1 0.612281567080045 0.44353332863585115 0.2109022688838783 0.19256447294250284
1 0.9097576979988725 0.4785046152762119 0.17083127818489285 0.21044426437429542
1 0.9404395962514092 0.5146319229143179 0.11912080749718157 0.1852231891206314
1 0.912452878382187 0.6566133208850056 0.17509424323562583 0.22763264515219828
1 0.701792823421646 0.6448263105975197 0.21672861471251414 0.21640713077790297
1 0.5522587549323563 0.6663415128241262 0.21285319193912067 0.23003716882750846
1 0.1905893284949267 0.6553978473788049 0.19536094278466742 0.2147204410935738
1 0.30417224492671924 0.6081441128804961 0.18301684047350616 0.18625369926719282
1 0.4072849140360767 0.7939486154171365 0.1769658962795942 0.1959246406426156
1 0.0796575535512965 0.935348699971815 0.159315107102593 0.12930260005636995
1 0.09650463289177001 0.8633407025084554 0.19300926578354002 0.18182338641488172
1 0.26304652268883877 0.8837989712514092 0.19527286499436297 0.18596744644870344
1 0.4456890325535513 0.9579560667981961 0.1707960470687711 0.08408786640360766
1 0.6095005108511837 0.8665313204622322 0.18904576521984218 0.2571607243517474
1 0.7775793580890643 0.9647953072153326 0.19337919250281854 0.07040938556933485
1 0.7390629403889515 0.8783293404735062 0.1944185104284104 0.19468714768883855
1 0.9454688380777903 0.9640510498872603 0.10906232384441938 0.07189790022547926
