0 0.425380496054115 0.19168589698421648 0.25291537485907556 0.305748837373168
1 0.07292841037204058 0.15077816727733934 0.14585682074408116 0.2394174534949267
1 0.23245050028184894 0.07680823703494927 0.21944581454340473 0.14754791431792558
1 0.725692731820744 0.06232604636414881 0.2334281637542277 0.12465209272829762
1 0.9207013634441938 0.09896420518602028 0.1585972731116122 0.19792841037204056
1 0.1813741896843292 0.25210946307779025 0.2250299464487035 0.19705644024802701
1 0.16989324971815106 0.39355138458286354 0.2217094137542277 0.18906338077790302
1 0.07664088923337092 0.5528026352874859 0.15328177846674185 0.19519799887260425
1 0.5440939437711387 0.3233027409808343 0.24073862034949267 0.21099915445321307
1 0.7495552071589627 0.2967715085963923 0.18965790586245768 0.21675503804960536
1 0.8617685139515221 0.34296390572153324 0.14934910512965038 0.2575350549605411
1 0.9722709096674182 0.39997665938556937 0.055458180665163614 0.1505645786358512
1 0.4857688310315671 0.5022173583709131 0.21596233793686587 0.21804978156708
1 0.26799209061443063 0.6159830362175873 0.20959431369785794 0.23132310456595262
1 0.029321096392333712 0.7454882151916572 0.058642192784667424 0.1869407060315671
1 0.09278775014092445 0.7462941269729426 0.1855755002818489 0.19263933906426167
1 0.3424310350901917 0.7351919215050732 0.2119900295941376 0.21243922632468992
1 0.5642417383032694 0.5554515748308906 0.20426560738444194 0.2087839980270575
1 0.7876664670236753 0.5017043052423901 0.22022970687711374 0.195374154453213
1 0.9067190142333709 0.5586752219560316 0.18656197153325826 0.1895918475197294
1 0.9126972942502818 0.6935861753100339 0.1746054114994363 0.20805735625704624
1 0.5859771350056369 0.7719533892333708 0.21502430947012396 0.19728544250281843
1 0.6616910054960541 0.7230459942220968 0.18901934188275082 0.18820902621195035
1 0.9233150718714769 0.928265043686584 0.15336985625704624 0.14346991262683206
1 0.8176217235062005 0.8591570074689966 0.1976113303269449 0.1981530087373169
1 0.797134829481398 0.9455040691939121 0.22557602874859073 0.10899186161217589
1 0.5662961527621195 0.9611400789177 0.21165093010146557 0.07771984216459982
1 0.5508054713923337 0.9265056898252537 0.2246115769447577 0.14698862034949267
1 0.13291378945885007 0.9483511837655016 0.23973012965050736 0.1032976324689967
1 0.18966230975197296 0.9074588676719277 0.25053727452085683 0.17596621335963913
