0 0.5130200993517474 0.5375849950676437 0.3301728086245772 0.3469780510146562
1 0.26481248238444194 0.11212963289177001 0.24457000422773392 0.22180189543404735
1 0.7331110837091319 0.08475945955467867 0.24173830326944745 0.16944845687711385
1 0.9358199161499436 0.04832387965050733 0.12836016770011283 0.09664775930101466
1 0.8899622146279593 0.20360282201240135 0.20944458145434053 0.23127025789176997
1 0.4355821061161217 0.25403836668545665 0.2397081102029312 0.23068454058624582
1 0.6686821801014655 0.2887564296786922 0.23201451521984207 0.2575438627395715
1 0.7941886273957158 0.43536191164036075 0.23981820744081173 0.23078583004509579
1 0.2594463430101466 0.4249268954340473 0.2001920095828636 0.231309892897407
1 0.03357084977452086 0.5393619644870349 0.06714169954904171 0.19733828917700114
1 0.11817837514092447 0.6971048830326945 0.20385604565952647 0.23218186302142052
1 0.04099360555242391 0.8244301366967306 0.08198721110484782 0.19491614994363005
1 0.06250660583427282 0.9600435104284104 0.12501321166854565 0.0799129791431793
1 0.19429740346674182 0.897946466319053 0.20460030298759863 0.20110361471251403
1 0.35357067361894023 0.7071963958568207 0.2619521561443066 0.2418043616121759
1 0.6159654206595264 0.849140360766629 0.25860960400225486 0.2504139656144305
1 0.7470009512401352 0.6681845405862458 0.23810949830890638 0.2329217164599775
1 0.8693564155862458 0.8524674992953776 0.2184901705186022 0.2507706806651634
