0 0.6043406322928822 0.6241043429113187 0.44560877333722293 0.3813037850058344
1 0.08070029900816802 0.07610578325554258 0.16140059801633605 0.15221156651108517
1 0.24739279463243874 0.15352200627187865 0.24026400233372228 0.23061460764294048
1 0.5091776363768961 0.10883259189031502 0.2477711128938157 0.18464665985997664
1 0.6448366394399065 0.03621371791131855 0.10739680571761956 0.0724274358226371
1 0.7964966817386231 0.03756062208284714 0.18818370770128356 0.07512124416569428
1 0.9510602027421236 0.058561843640606764 0.09787959451575279 0.11712368728121353
1 0.044981129667444573 0.22771112893815634 0.08996225933488915 0.16496499416569427
1 0.09342865738039671 0.38792207555425906 0.18685731476079342 0.24100240665110856
1 0.16497866831971997 0.5829656505250875 0.2034075991831972 0.24587952158693122
1 0.07124006344807467 0.7306898154900816 0.14248012689614933 0.2086265679696616
1 0.040755816073512245 0.9110952085764293 0.08151163214702449 0.16277712952158674
1 0.195394544924154 0.9241654207993 0.23963499124854143 0.15166915840140016
1 0.3400443042590431 0.8223089264877479 0.21543173862310377 0.21129302800466743
1 0.2939077085764294 0.5770675320886813 0.18435494457409565 0.25108481621936984
1 0.5237451684655775 0.26439888418903146 0.2046884116102683 0.19157489789964988
1 0.6771463863768961 0.34442231257292877 0.21401418465577593 0.21432413214702445
1 0.890536117998833 0.28769736362310383 0.21892776400233394 0.24566529317386232
1 0.8212355053967327 0.5111193662485414 0.2103677435822635 0.22560986726954496
1 0.9584442459159859 0.5903998322637106 0.078790475495916 0.2180115956826137
1 0.8849046455659275 0.762837751604434 0.19342546674445749 0.19661154463243868
1 0.8971544085472578 0.9338079784130687 0.20213590285880967 0.13238404317386254
