0 0.5138458286358512 0.3793950817361894 0.41188697857948137 0.4506852452085681
1 0.45262295659526497 0.05120402339346111 0.2435438979706877 0.10240804678692222
1 0.7325077508455469 0.12996538542841038 0.16144658962795944 0.18231662204058624
1 0.8888788578072153 0.2707797526775648 0.18799763951522008 0.22690159949267194
1 0.32234929890078917 0.13338500563697858 0.23555964627959414 0.18668968432919952
1 0.21526211950394586 0.34905888881059755 0.20005108511837655 0.26759353861330337
1 0.19975162063134158 0.5569444933765502 0.2564384864712514 0.18932761414881627
1 0.3456458744363021 0.6734009477170237 0.23842217446448702 0.2200139162908682
1 0.7675627113866967 0.5041903008737316 0.2356697435174746 0.21429766770011266
1 0.7805123485062007 0.6715072752254791 0.163820286076663 0.23142879791431792
1 0.6172711739007892 0.7171844172773393 0.20404100901916566 0.20831718573844404
1 0.07464592728297632 0.7973219947857948 0.14929185456595265 0.24975778607666288
1 0.17976897195603156 0.943286710822999 0.2377792065952649 0.11342657835400216
1 0.40154664599774514 0.8850760992108229 0.20611964487034945 0.21961316234498296
1 0.6234410231116122 0.9099778924746336 0.22798936020293126 0.18004421505073276
1 0.8281778466741825 0.9396292805806088 0.2318119363021418 0.12074143883878241
1 0.9122899344701239 0.7540185491826381 0.17497093432919975 0.22181951099210828
1 0.9758975126832017 0.9043100866685457 0.04820497463359652 0.18184980975197296
