0 0.5399564895715896 0.581619486330327 0.4115698985343856 0.3976315882187148
1 0.023589434188275082 0.1414639409526494 0.047178868376550165 0.1777101536076663
1 0.09899283046786922 0.30285988585118373 0.19798566093573844 0.2246864430665163
1 0.18090737739571588 0.17931757328072154 0.21957793122886135 0.20711492390078917
1 0.07535935738444194 0.021475567220969563 0.15071871476888388 0.042951134441939126
1 0.36878611189402477 0.021378681651634722 0.1813874013528748 0.042757363303269444
1 0.4162842622604285 0.15969604354565953 0.2259063204622323 0.21832282271702366
1 0.4990421540304396 0.2088962972096956 0.2165436513528749 0.20926842587373165
1 0.7557096427564824 0.11939164670236753 0.25239131200676435 0.23878329340473506
1 0.9567934399661782 0.17339654382750844 0.08641312006764379 0.22999312993235624
1 0.22948227874859073 0.5027480270574971 0.2006059751972942 0.23934258737316794
1 0.28734057919954903 0.38255927635287484 0.19968115839909806 0.21132944616685456
1 0.7752320849774521 0.3723180312852311 0.24620825112739575 0.2543422350620068
1 0.9273776599492671 0.4616685456595264 0.14524468010146563 0.22806863021420515
1 0.8535464522266065 0.747978614712514 0.20575412204058618 0.19308413190529872
1 0.8661525859639234 0.8469626374013528 0.21245243799323543 0.19089539881623463
1 0.563871811583991 0.8878835787767756 0.236819158680947 0.21134706172491535
1 0.73151907764938 0.9584889374295377 0.21546910231116123 0.07483969842164595
