0 0.5984775753945886 0.766516787626832 0.37798143320180394 0.4058404382750844
1 0.09509318630214204 0.10853826099210823 0.1901863726042841 0.21707652198421645
1 0.2956220934329199 0.18079067432356258 0.22772072294250284 0.21706331031567078
1 0.3287107173055242 0.028854284103720405 0.195735273393461 0.05770856820744081
1 0.5894275824408117 0.06527665233934611 0.2117081806651635 0.13055330467869222
1 0.8961805066234498 0.04867619081172491 0.20763898675310033 0.09735238162344982
1 0.8043285830045095 0.14488576310597517 0.27416414177001125 0.21976729847801577
1 0.40651203142615555 0.36199091037204056 0.21585664458850057 0.20694757609921077
1 0.6696796610766629 0.3438446836245772 0.18094260851183763 0.20838764797068768
1 0.8579569475760991 0.3602799992953777 0.22538225760992103 0.26792823421645995
1 0.9813649415163471 0.3702173759864712 0.03616033680947006 0.15810844137542274
1 0.5441401846110484 0.51527489078354 0.29843397688838785 0.22951750986471253
1 0.3100250140924464 0.6896579058624577 0.21144835118376554 0.20283434329199534
1 0.09433351536076665 0.7344234427846674 0.1886670307215333 0.19175415727170264
1 0.0779246230270575 0.9120102874859075 0.155849246054115 0.15948245490417123
1 0.30394984850620066 0.8787190846956031 0.26942555665163465 0.16705274098083445
1 0.701594648393461 0.9581542418263811 0.23284685033821861 0.08369151634723793
1 0.8457912027903043 0.7934729953494926 0.2003549534949266 0.2614897477452086
1 0.8951037556369785 0.5601637366121759 0.20870913190529883 0.19981767897406982
1 0.019401335259301017 0.27251488514656147 0.038802670518602034 0.17367619081172495
