0 0.4669862422491545 0.4745433166572717 0.3499462725479144 0.354147583145434
1 0.04513105975197294 0.06784411992671928 0.09026211950394589 0.13568823985343856
1 0.21774150930101463 0.07836501197857947 0.20340684892897404 0.15673002395715893
1 0.2747278396279594 0.1554308765501691 0.2225461527621195 0.21941939120631343
1 0.5646667136414881 0.1406272019447576 0.2111312711386697 0.21487017333709135
1 0.6397398182074409 0.01763757750845547 0.139400718714769 0.03527515501691094
1 0.7805365698985344 0.13178198985343856 0.2033011555806088 0.216486400789177
1 0.9470740558060879 0.09706833074971816 0.10585188838782411 0.17327103297632468
1 0.7174420448139798 0.28950068700676435 0.2283504791431793 0.18825306510710257
1 0.0757931405016911 0.3811103967023675 0.1515862810033822 0.2491412415445321
1 0.10362792418263808 0.4720727346392333 0.19296963077790302 0.22282359780157834
1 0.19243896209131905 0.5242279981679819 0.1884116051296505 0.18312693771138666
1 0.2580503100338219 0.31606274661781286 0.20456947576099216 0.24475937147688837
1 0.9436103967023675 0.5756301965896279 0.11277920659526497 0.27103738021420515
1 0.02960074337655017 0.7892738866967306 0.05920148675310034 0.17107349210822986
1 0.06337857595828636 0.7237704340473505 0.12675715191657272 0.2602962936865839
1 0.23738726042841035 0.7950077508455469 0.2054326381059752 0.2062253382187148
1 0.49651432144870344 0.7389418334272829 0.18913384301014657 0.15900683483652767
1 0.7303344313697857 0.7160261943348365 0.22073615417136405 0.1446193277903044
1 0.6649168545659525 0.8761890501691094 0.22389374295377673 0.1825059892897406
1 0.8607952543686583 0.802214716037204 0.16980076803833166 0.1926305312852311
1 0.9442621723506199 0.9114664071307778 0.11147565529876002 0.16064948562570458
