0 0.39772627184329196 0.5114457088500564 0.35044831595264936 0.3527339346110484
1 0.21155844842164598 0.0295412908680947 0.20953706313416004 0.0590825817361894
1 0.15756456102029312 0.10837311513528748 0.20240716600901915 0.1968230341037204
1 0.20685069052987598 0.19547544391206312 0.2277867812852311 0.2207845969560316
1 0.19428419179819614 0.35259521209131905 0.20434487739571588 0.25236488866967305
1 0.1331515994926719 0.5460316551578354 0.17013105975197293 0.22321114007891762
1 0.044952702226606536 0.3905303163754228 0.0828944123449831 0.19681422632468998
1 0.03324055806087937 0.7683399978861329 0.06648111612175873 0.2239157624013528
1 0.1735638916290868 0.8328085364994362 0.20447699408117248 0.20777991121758743
1 0.4344833356820744 0.780600426296505 0.1956824267192785 0.17091935597519725
1 0.5984709695603156 0.9133160407271702 0.22251092164599762 0.1709281637542277
1 0.6651656743235626 0.7642509864712514 0.23031901775648256 0.1639215755355129
1 0.792748555524239 0.8398085188838783 0.1781813697857948 0.17591777057497193
1 0.9134459554678692 0.9381121406426156 0.16417700112739597 0.12377571871476878
1 0.9368724457440811 0.6607045342446449 0.12625510851183763 0.2312438345546789
1 0.9115148499154453 0.5844511872886133 0.17697030016910942 0.20285636273957153
1 0.6540128241262683 0.327283857102593 0.2254439120631342 0.19500422773393464
1 0.4994869468714769 0.17961483582299886 0.19524644165727167 0.2072778678128523
1 0.716057021561443 0.171394976042841 0.2083788401916573 0.2126462091319053
1 0.5507217974915446 0.03594674816798196 0.21350496758737314 0.07074848506200676
1 0.8032474281285231 0.03938178198985343 0.21300732807215328 0.07569845687711386
1 0.9141593855693348 0.12494274943630214 0.17168122886133041 0.2069651916572717
