0 0.5691300556651634 0.7552802635287486 0.39903202508455465 0.3684293968432919
1 0.2355332229425028 0.036406954622322435 0.23082546505073281 0.07281390924464487
1 0.5843146667136415 0.05311971533258174 0.2364756552987599 0.10623943066516348
1 0.5898723752818489 0.11593018954340473 0.22673425169109362 0.17866139374295376
1 0.8946347414036077 0.05114016699549041 0.21073051719278468 0.10228033399098083
1 0.9243984286922209 0.13724501479706877 0.15120314261555812 0.17726976465614433
1 0.18445471040022546 0.178897001832018 0.25043598506200676 0.2214407764937993
1 0.303315688416009 0.24128910653889513 0.2106160160653889 0.19839522266065387
1 0.07827693418827508 0.3626691093573844 0.15655386837655016 0.21661851747463357
1 0.48005258244081167 0.3286622745208568 0.19989694898534383 0.19505707440811723
1 0.6762018214487034 0.3129271772829763 0.19458585822998864 0.227223083427283
1 0.7622384089627959 0.325161182356257 0.19167488726042836 0.21319229143179252
1 0.9271332440811725 0.45286296857384434 0.14573351183765504 0.25787855834272827
1 0.7745164529312287 0.5504245349492671 0.20699161499436303 0.2119151634723787
1 0.25048662979143177 0.512830732102593 0.20945338923337092 0.22475250140924463
1 0.036010604565952654 0.5919554150225479 0.07202120913190531 0.18731063275084553
1 0.3007438169391206 0.6142721251409244 0.19775665868094702 0.22761062570462232
1 0.25491474069898534 0.7356939649098084 0.22639515219842157 0.22966724210823009
1 0.06559593432919955 0.8186390219842165 0.1311918686583991 0.20625176155580593
1 0.03375581313416009 0.8944365663754228 0.06751162626832018 0.1761511767192785
1 0.8551230446730551 0.7916607948139798 0.21169937288613305 0.21583462514092433
1 0.916213800028185 0.8142703635851183 0.16231415586245757 0.19162204058624566
1 0.9208819229143179 0.9662111576944759 0.15823615417136405 0.0675776846110484
1 0.7335228473788049 0.9733740839909808 0.19541378945885002 0.0532518320180384
1 0.3294329551860203 0.976432585259301 0.1578970546786922 0.04713482948139802
