0 0.4846029025670945 0.6044044450116685 0.27429441365227536 0.2895684436989498
1 0.06502971849474912 0.10517247666277713 0.13005943698949823 0.21034495332555425
1 0.3566584014002333 0.06536017721703617 0.2222688156359393 0.13072035443407234
1 0.603599948949825 0.11798743801050174 0.21554113185530938 0.21043155630105015
1 0.8292485596557759 0.18378974620770125 0.21841726225204205 0.2460253792298716
1 0.7678197017211201 0.26655940052508753 0.21961147170361728 0.22755615519253217
1 0.9339128135939322 0.35877105819719946 0.12551050175029177 0.19377643669778294
1 0.6913082518961493 0.4555430462368728 0.20282872666277707 0.1987447126604434
1 0.7367315125437572 0.5099661792590431 0.23595208576429416 0.23385082409568242
1 0.35043438229288215 0.2355259079638273 0.23106129667444578 0.2174874197782964
1 0.4738778077596265 0.2928775889731622 0.2098253354725787 0.23281614644107346
1 0.07761221922403733 0.3616243983372228 0.15522443844807465 0.19113276691948655
1 0.2654882584597432 0.43111189104434067 0.22466635064177354 0.2070585983080513
1 0.23750410224620766 0.5629466890315052 0.22218221266044336 0.19311551925320886
1 0.05233554550758459 0.5660165366102683 0.10467109101516918 0.21549099329054838
1 0.04743336128938156 0.7776240701575263 0.09486672257876312 0.20875419340723467
1 0.22037494530338392 0.7854593604142355 0.18246335326721122 0.24045999854142341
1 0.31551515096266036 0.7916423570595099 0.2070312499999999 0.23338134480746786
1 0.14454036610268378 0.9188142685239207 0.23571506709451573 0.1598371864060678
1 0.3901828690198367 0.9497474839556592 0.21041788214702456 0.10050503208868156
1 0.5832209014002334 0.8852077559801633 0.24962623978996512 0.20345773774795783
1 0.8024700080221703 0.8006057650233371 0.17649230600933474 0.2068580440490081
1 0.8321725495915984 0.9286551013710619 0.20595099183197185 0.14268979725787623
1 0.9490683343057176 0.7014385210035005 0.10186333138856485 0.222861362310385
1 0.9633965686989497 0.8071146623395564 0.07177563448074675 0.20855363914819125
