0 0.5456991614994363 0.5726311478297632 0.3830150789177001 0.4089583920518602
1 0.2362620666572717 0.0957251444475761 0.2253250070462232 0.1914502888951522
1 0.10965684892897407 0.30062491192220964 0.21931369785794813 0.2521182708568207
1 0.2531994257328072 0.48283143672491546 0.2099818559751973 0.23171064684329196
1 0.47998652409808346 0.08735335047914318 0.2291035442502819 0.17470670095828636
1 0.731580732102593 0.09414635005636979 0.23731239430665152 0.18829270011273957
1 0.9474792136414881 0.07083215896279593 0.10504157271702375 0.14166431792559186
1 0.7245917594419391 0.33943859216459976 0.19409262260428417 0.2171381764374295
1 0.9015642615558059 0.252963817643743 0.18974598365276207 0.2252149098083428
1 0.26948941304960533 0.9048209378523111 0.19372269588500554 0.19035812429537768
1 0.8655008103156708 0.666354724492672 0.1834219983089065 0.2013942714205187
1 0.8354464663190528 0.8944057391488163 0.24210382609921088 0.21118852170236757
