0 0.5477007292841037 0.44809796011837644 0.3465728931792558 0.3559619856257045
1 0.04954816093573844 0.07725523182074408 0.09909632187147688 0.15451046364148815
1 0.13639506412063132 0.08825174394024803 0.15582282271702366 0.17650348788049605
1 0.29094736471251414 0.045842287908680945 0.12396948985343864 0.09168457581736189
1 0.4433065283258173 0.08822091671364149 0.18809452508455465 0.17644183342728298
1 0.8932585259301015 0.11076442714205184 0.21348294813979707 0.20596550873731678
1 0.8153537204058625 0.1300402515501691 0.20268461104847812 0.1877862528184893
1 0.9230904735062007 0.3514546047068771 0.15381905298759857 0.24186601606538896
1 0.4838707546505073 0.16968186302142052 0.2212205820180383 0.181730904735062
1 0.07548707018038331 0.28649503241262686 0.15097414036076662 0.18830150789177003
1 0.19668210963923335 0.28183571730552426 0.21414353156708005 0.19463430101465617
1 0.30704358089064265 0.3467930876550169 0.18554467305524242 0.22639515219842155
1 0.1256870067643743 0.4354786147125141 0.17552142051860203 0.22488902198421645
1 0.2280311971533258 0.4981745877959414 0.17245190952649375 0.1913005566516347
1 0.06249339416572717 0.5996864430665163 0.12498678833145434 0.20397935456595268
1 0.9396601078072153 0.6438816762965052 0.12067978438556937 0.24447311865839916
1 0.8231419990135287 0.8667911499436302 0.19982648675310033 0.19237950958286354
1 0.7334567890360766 0.8100976782694476 0.23616738303269447 0.15497727593010135
1 0.39720220899098085 0.6711791854565952 0.20793845124013532 0.21089346110484775
1 0.46898340614430667 0.7569052987598646 0.2059611048478016 0.2260868799323561
1 0.5232877677564826 0.9397878206031567 0.27643214487034956 0.12042435879368651
1 0.30094199196730553 0.8964601536076664 0.21063363162344986 0.2070796927846673
1 0.13251303551296503 0.7511692326662907 0.1877906567080045 0.1748652409808341
1 0.09394156919391206 0.8327072470405862 0.1878831383878241 0.19242795236753096
1 0.06962769518038331 0.9670126655862458 0.13925539036076662 0.06597466882750846
