0 0.3492966988444194 0.3653885111330327 0.3783601677001127 0.34537503523111607
0 0.22615734216459976 0.702453406848929 0.3382979847801578 0.34755936443066515
1 0.05927635287485907 0.04611532905862458 0.11855270574971814 0.09223065811724916
1 0.1764682567643743 0.07816463500563697 0.2650348788049605 0.15632927001127395
1 0.481050063416009 0.08636908117249155 0.1636925732807215 0.1727381623449831
1 0.5425746018883878 0.1346092869222097 0.16850602452085678 0.19417629650507326
1 0.722085946307779 0.046379562429537766 0.22499911922209703 0.09275912485907553
1 0.9037904277057497 0.08825834977452086 0.19241914458850062 0.17651669954904173
1 0.7544126972942502 0.09173301860202933 0.22356785512965038 0.15177564825253667
1 0.968258966319053 0.26958189472942506 0.0634820673618941 0.17142139937993242
1 0.712320321307779 0.2707577332299887 0.20341565670800454 0.19999383455467865
1 0.6352874859075535 0.4632187147688839 0.18525401634723782 0.17054502536640365
1 0.8503756517756483 0.436969331313416 0.23252977029312283 0.26163947998872605
1 0.9131839240417136 0.45085039106538893 0.15603420941375434 0.21476447998872605
1 0.9728940600338218 0.6643751761555805 0.05421187993235621 0.18707722660653892
1 0.8645363585118375 0.6122903748590756 0.18859216459977446 0.20584660372040586
1 0.6246124577226606 0.5878840191657271 0.22076698139797069 0.1807620490417136
1 0.4928348717587373 0.6203010498872603 0.22897583145434047 0.20106397970687706
1 0.06981486048478015 0.43840940318489285 0.1396297209695603 0.2379201310597519
1 0.03987721956031567 0.9560403748590754 0.07975443912063133 0.0879192502818491
1 0.09789626197857947 0.9292911499436303 0.19579252395715893 0.1311302142051861
1 0.3074773640078917 0.9657773745772266 0.22402145574971807 0.06844525084554687
1 0.5082110520011274 0.9166343714768883 0.2148877888951523 0.16673125704622327
1 0.6922782201240135 0.788763035512965 0.21064684329199546 0.19638704904171367
1 0.748729477874859 0.8418387119503945 0.25188046082299886 0.23438380777903045
1 0.8666083885287486 0.8847744327790305 0.20812341459977468 0.20477645856820748
