0 0.49304846040022554 0.48580186020293126 0.2331375070462232 0.22989184047350625
1 0.2613422174464487 0.047335206454340466 0.2179176648816235 0.09467041290868093
1 0.9092776740417137 0.05754782624013528 0.18144465191657277 0.11509565248027057
1 0.9385239043122886 0.15106221815107101 0.12295219137542279 0.1814402480270575
1 0.7480380672209695 0.11630452015219842 0.19841724210822997 0.22316710118376548
1 0.5491033680947012 0.09729072717023675 0.19409702649379929 0.1945814543404735
1 0.44963271561443063 0.15593512189966177 0.20845370631341598 0.23314631482525366
1 0.3270614606820744 0.21275410442502818 0.21819070603156712 0.23566533962795944
1 0.10451750986471252 0.2620974844983089 0.19208885287485908 0.17342516910935743
1 0.10526176719278467 0.38456084413754227 0.20339804114994361 0.25817361894024804
1 0.3552507574689966 0.3288824689966178 0.23089152339346114 0.1838095405862458
1 0.6696378241262684 0.3264471180947012 0.18808131341600898 0.18215367812852304
1 0.8849660019729424 0.3591702191375422 0.19377994644870344 0.23061848224351741
1 0.26613364923900784 0.5231710646843292 0.19754527198421643 0.21081859498308902
1 0.20153299394024798 0.7488351712232243 0.22589751268320177 0.21604160794813976
1 0.08669937288613302 0.9077649379932355 0.17339874577226605 0.17752078635851187
1 0.7297641276775647 0.5774732243517474 0.2134212936865838 0.2078283540022548
1 0.9291238021420518 0.5990654946448702 0.14175239571589637 0.23102804396843285
1 0.6795663930383313 0.8001184646279594 0.23106767897406977 0.20009952790304397
1 0.8094701240135287 0.79552080397407 0.18000458004509579 0.2051199619503946
1 0.49329287626832014 0.9178872780439684 0.203424464487035 0.16422544391206317
1 0.7056748520293123 0.9624304185456596 0.1911992671927848 0.07513916290868095
1 0.8451174076944756 0.9528937958004509 0.171192397125141 0.09421240839909817
