0 0.5267756482525365 0.40724087514092444 0.3982701521984215 0.38306792559188274
1 0.0970815424182638 0.04572778678128524 0.1941630848365276 0.09145557356257047
1 0.7159865593291994 0.052166273252536643 0.24188363162344972 0.10433254650507329
1 0.3957467235062007 0.12008966319052988 0.16937359075535519 0.20861224633596392
1 0.314543404735062 0.13864545166290868 0.22426366967305522 0.2130733864148816
1 0.21595132821307778 0.1806871829199549 0.18642104706877116 0.18557990417136416
1 0.08423980059188274 0.32256949337655016 0.16847960118376548 0.18754844278466748
1 0.03534781919391206 0.47161913401916566 0.07069563838782413 0.1517800521420518
1 0.17279981679819617 0.5281122287204059 0.22628065107102593 0.1972898463923336
1 0.957002624718151 0.04412697294250282 0.08599475056369799 0.08825394588500564
1 0.7626876056933483 0.22656249999999997 0.19909984498308908 0.22992707158962794
1 0.8275613021420518 0.3594212408399098 0.18401211950394603 0.19647953072153324
1 0.9628796152762118 0.35625484427846676 0.06938768320180388 0.20192273816234502
1 0.9275119785794814 0.551080714487035 0.14497604284103716 0.20627818489289756
1 0.9534949267192785 0.7481701839064261 0.09301014656144313 0.20893373027057494
1 0.7849536710822999 0.674098964205186 0.1581084413754228 0.16010780721533258
1 0.7284847977733935 0.7137978262401352 0.17959501832018054 0.14671557919954903
1 0.8679229495490417 0.8441353403325818 0.2288172914317924 0.2173363514656147
1 0.804760164177001 0.9512423372322435 0.23815794109357358 0.09751532553551301
1 0.5160147442220969 0.7594485449549041 0.22046311302142046 0.18959184751972935
1 0.11044734709695603 0.7540890114148816 0.22089469419391206 0.2148613655580609
1 0.27058818348365277 0.7430418545659527 0.20966037204058624 0.17092375986471253
1 0.15722105763810598 0.8910345617249154 0.23567414740698986 0.19850972378804954
1 0.3660579023393461 0.9654823139797069 0.15599897829763248 0.0690353720405863
1 0.46923002395715896 0.9357450500281849 0.21423160935738444 0.12850989994363027
