1 0.09973472141190197 0.08096694501166861 0.19946944282380394 0.16193389002333722
1 0.4056323840431738 0.10132776035589264 0.23817185676779462 0.20265552071178528
1 0.6582350313593932 0.09945668028004667 0.2569692605017503 0.19891336056009334
1 0.9104593604142357 0.23970564104434067 0.1790812791715286 0.21261942094515748
1 0.709770638856476 0.2602419413652275 0.2188958576429404 0.25536026837806297
1 0.43665220245040837 0.19867178383897316 0.24636267502917147 0.2120040840140023
1 0.2810973052800466 0.35501066584013996 0.2691301414819136 0.23428839702450405
1 0.5610209123395565 0.3788561114352392 0.2626485924737456 0.24092947782963825
1 0.23924071980746792 0.5591247629813302 0.2409978485997667 0.20583704054842472
1 0.17148984466161027 0.7144449205075845 0.24056027567094518 0.21719570449241543
1 0.12084989425320884 0.8661323111143523 0.24169978850641768 0.21960235560093344
1 0.47864552946324385 0.5929022024504084 0.21789308634772453 0.2152311843640607
1 0.6740879339264876 0.5631153369311551 0.17199806738623102 0.1926688302217036
1 0.9070453799591598 0.5162198257001166 0.1859092400816803 0.2673433853558926
1 0.673199113914819 0.7121499416569428 0.226102136814469 0.21252370186697778
1 0.4904235341306884 0.8121877734830805 0.20725459451575262 0.21329401254375735
1 0.49867132803383896 0.927734375 0.2095746426487748 0.14453125
1 0.8117684327596266 0.8822609757876312 0.2641162850058344 0.22545033547257887
1 0.9412763455367561 0.8489347834014003 0.1174473089264878 0.21303876166861146
1 0.8813334123395565 0.03144827523337223 0.2203134116102683 0.06289655046674446
