0 0.503065107102593 0.5365368693630215 0.2523692925591882 0.30840878664036075
1 0.06998881412063133 0.04608009794250282 0.13997762824126267 0.09216019588500564
1 0.12855834272829764 0.06121846815107102 0.15222484498308905 0.12243693630214204
1 0.44830714487034945 0.15844313697857948 0.2311161217587373 0.23098400507328068
1 0.6550147089909808 0.11257882962232242 0.18956542418263822 0.2060800098647125
1 0.47767228015783536 0.022680031003382187 0.16710999154453215 0.041616755918827505
1 0.8990826698139798 0.045274186161217575 0.19625052846674185 0.09054837232243515
1 0.8826297385851183 0.13652718080608792 0.2132143108793686 0.17668845124013527
1 0.8175248379368658 0.1963121829199549 0.2313803551296505 0.16584167136414882
1 0.027156584695603156 0.16980076803833144 0.05431316939120631 0.14713394870349494
1 0.02366650225479143 0.3459035019729425 0.04733300450958286 0.17074760428410374
1 0.1541207194193912 0.2632380918827508 0.2121838007328072 0.22072294250281851
1 0.3063345546786922 0.386278361048478 0.21047068771138666 0.2172614853438557
1 0.4761397266065388 0.25432021561443063 0.20519482807215333 0.20829516629086806
1 0.7998674429255919 0.3628738902198421 0.22471727029312294 0.21280034526493796
1 0.9608516241544531 0.4112638282130777 0.07829675169109362 0.24893866262683195
1 0.11636177071589626 0.4945259653325817 0.2055251197857948 0.2387172350620067
1 0.2562469172773393 0.5907993940248026 0.23363955045095824 0.1892791713641488
1 0.05675512612739572 0.7576187288613303 0.11351025225479144 0.21379122040586251
1 0.2528272970687711 0.7380456419109358 0.22917841037204054 0.18744274943630224
1 0.12869266135851185 0.8872802459131905 0.20371952508455468 0.18957423196166867
1 0.049589997886133025 0.9749506764374295 0.09668739430665163 0.050098647125141005
1 0.6162296540304397 0.6736629791431792 0.24228878945884996 0.23130108511837655
1 0.8249365839909808 0.6327772688838782 0.1951715755355128 0.2140730693348365
1 0.9146217939684328 0.6803216600901916 0.16665198703494943 0.23758103156708
1 0.8679779981679818 0.8454146702367531 0.22329921786922202 0.19082053269447574
1 0.9414987316798196 0.9043144905580608 0.11700253664036075 0.1854345758173619
1 0.560066851042841 0.8435826521984215 0.2150727522547914 0.20413789458850062
1 0.638762154735062 0.8928643778184893 0.19955784949267197 0.20241597378804954
1 0.34418598506200676 0.9168259406708005 0.22451909526493805 0.15894077649379934
