0 0.5325293299041715 0.5445101113303269 0.3978165515783541 0.41127043404735053
1 0.06470855059188275 0.07814261555806087 0.1294171011837655 0.15628523111612175
1 0.25352751550169106 0.07436628029875986 0.23539670236753096 0.14873256059751971
1 0.48927212514092444 0.04896684751972942 0.22157729706877105 0.09793369503945884
1 0.5606151352874859 0.062233564684329196 0.2110696166854566 0.12446712936865839
1 0.9784936055524239 0.07649115698985344 0.04301278889515214 0.15298231397970688
1 0.8576046364148815 0.12102108582299888 0.19073245490417123 0.1980913542841037
1 0.8209070250845546 0.20349272477452085 0.21129861894024793 0.22344895011273957
1 0.6165137049041713 0.22781540656708002 0.1687746617812852 0.20577173759864714
1 0.07848832088500565 0.3358956630496054 0.15683571730552426 0.19430400930101463
1 0.11673830326944756 0.5232261133032694 0.1886802423900789 0.20988937429537768
1 0.03287283328635851 0.6535041748872604 0.06574566657271702 0.15503012260428406
1 0.046104319334836524 0.7782531531848929 0.09220863866967305 0.16753716882750846
1 0.06528325817361894 0.8684293968432919 0.13056651634723787 0.1630496054114995
1 0.2724598365276212 0.9576433906426156 0.18868024239007888 0.08471321871476878
1 0.08348673548478015 0.9515241861612176 0.1669734709695603 0.09695162767756482
1 0.4629919144588501 0.8508380601747463 0.18732824830890638 0.1686733723224353
1 0.8417594419391206 0.5302525190248026 0.19345405862457743 0.18394606116121753
1 0.883376197857948 0.6415806440248026 0.20670976606538916 0.20391770011273957
1 0.6175420131059751 0.7950804150225479 0.22271790445321304 0.17036446589627963
1 0.8480327825535512 0.8382010992108229 0.2213967375986471 0.18856574126268322
1 0.9129307003945883 0.9124000317080045 0.17265008455467867 0.15761080186020282
1 0.7595630460822997 0.9779497251972942 0.12653695744081161 0.04410054960541154
1 0.6062724598365277 0.92417823421646 0.24461404312288615 0.14906285231116134
1 0.21653704551860203 0.5599281285231117 0.18953900084554678 0.17971392333709135
