1 0.049199606184364066 0.0797203179696616 0.09839921236872813 0.1594406359393232
1 0.16278852464994165 0.04595199460326721 0.20830750437572923 0.09190398920653442
1 0.20193762762543754 0.17530493363477245 0.20842601371061842 0.22544577742123684
1 0.4215126349183197 0.09112000437572929 0.25266646003500587 0.1739443553092182
1 0.40902357424154023 0.19159540913068843 0.21271058197199538 0.2012334086931155
1 0.6338380615519252 0.15802764002333722 0.2032435093348891 0.2306009334889148
1 0.736619840285881 0.15562554696616102 0.20817987893815648 0.2133259189031505
1 0.9240833758751458 0.1325344588681447 0.15183324824970845 0.2308379521586931
1 0.8898911537339556 0.3190430827012835 0.21537704200700125 0.23256545361726952
1 0.6827778588098017 0.3709137069719953 0.211858226371062 0.21581005688448074
1 0.45736854579929986 0.3973617998833139 0.24064687864644108 0.21868618728121358
1 0.4911961238331388 0.5032407745040839 0.26461767065344227 0.1918939614935823
1 0.10778651910735124 0.49695066365227536 0.21557303821470247 0.23721010793465563
1 0.20937636741540255 0.6404517940490081 0.25025069282380397 0.23876896149358218
1 0.07056775087514586 0.7304847031796966 0.14113550175029171 0.23106129667444575
1 0.14646614279463244 0.8937882876312718 0.22701374708284716 0.2109375
1 0.290931301050175 0.8472938849183196 0.24115738039673282 0.2141509261960326
1 0.7913711530046673 0.5843740883897316 0.23912904754959152 0.2399084743290547
1 0.8940184692240374 0.5506695777421237 0.19275543319719957 0.2178520638856476
1 0.6926711092473746 0.8625633569136523 0.23065107205367585 0.20993017065344244
1 0.905582245478413 0.8698061004959159 0.18406778733955653 0.24037795361726932
0 0.905582245478413 0.8698061004959159 0.18406778733955653 0.24037795361726932
0 0.4848125729288215 0.7220933306592765 0.26970901400233377 0.2829866175612602
