0 0.5365743024239007 0.5674103368094701 0.30750598928974066 0.3446043545659527
1 0.1464029030439684 0.11377668757046225 0.26770363585118373 0.21403343432919958
1 0.37742874506764373 0.06843644306651635 0.24992513387824122 0.1368728861330327
1 0.7800807673337091 0.04042109991544532 0.2227619433483653 0.08084219983089064
1 0.9634917559188275 0.09817370701803832 0.07301648816234496 0.19301807356257045
1 0.7979539529312288 0.19344304890078917 0.26834660372040586 0.2109419038895152
1 0.9327415973788049 0.3558761097801578 0.13451680524239018 0.220833039740699
1 0.5337932461950394 0.20719859780157834 0.2317987246335964 0.2298918404735062
1 0.04732860062006764 0.28416977874859073 0.09465720124013528 0.18653114430665158
1 0.2739835822998873 0.3020077332299887 0.21176543122886138 0.24155774379932357
1 0.0959277233652762 0.38621670659526497 0.1918554467305524 0.23688521702367532
1 0.43663243376550165 0.3682730587655017 0.21505073280721532 0.21265942080045097
1 0.6832238232807215 0.40174482102593 0.18695391770011283 0.2478861330326943
1 0.7747828882468997 0.40971586104847796 0.16924587795941382 0.2151211950394588
1 0.9253628804960541 0.5848981820744081 0.14927423900789183 0.22582264656144307
1 0.050627113866967305 0.610718186302142 0.10125422773393461 0.2133332158962794
1 0.08590887471815106 0.7637005002818489 0.17181774943630213 0.2229336950394588
1 0.23504439120631343 0.6176961492390078 0.25112739571589626 0.24597924887260414
1 0.32990637330890643 0.7574557849492671 0.218930559470124 0.22017686020293126
1 0.7570968679537768 0.7123841777057497 0.20504069193912067 0.21535460118376548
1 0.16943744715332582 0.9193361576944759 0.22351060456595262 0.1596277832581735
1 0.31896711175310033 0.9390193418827508 0.23824601888387822 0.12196131623449846
1 0.49487387260428406 0.974580749718151 0.1495560879368658 0.050838500563697986
1 0.8140942080045095 0.9146988620349492 0.24070779312288615 0.17060227593010158
1 0.9748251655862458 0.9237180277621194 0.050349668827508465 0.14378258878241268
1 0.9873696448703494 0.709158328635851 0.02526071025930121 0.12103649943630201
