0 0.5088694334836528 0.7689036957440811 0.36298618940248023 0.37740892756482514
1 0.059126620631341595 0.06586016770011274 0.11825324126268319 0.13172033540022549
1 0.43750880777903045 0.05851668193348365 0.20988937429537763 0.1170333638669673
1 0.5059254333427283 0.12021957793122885 0.2179264726606539 0.20946219701240135
1 0.5794946096392334 0.16727293545659527 0.21943700676437433 0.2104002254791432
1 0.741176807356257 0.05325403396279594 0.21597114571589626 0.10650806792559188
1 0.9192723012965052 0.05179854847801578 0.15540445321307794 0.10359709695603156
1 0.824348664740699 0.1487303586527621 0.21073051719278468 0.20113884582863584
1 0.8644835118376549 0.32312658540022543 0.18043616121758732 0.2009670941375422
1 0.7023521173900789 0.3125616544532131 0.22315829340473503 0.20325711668545665
1 0.0664943277903044 0.368598946589628 0.1329886555806088 0.20943577367531002
1 0.10027216037204058 0.4138445074689966 0.20054432074408116 0.19360819475760987
1 0.23226333497745208 0.3841865135287486 0.17292752959413754 0.18813416009019168
1 0.4355424711104848 0.3629619680101466 0.2026890149379933 0.1911420166290868
1 0.09510199408117248 0.6501792383032694 0.19020398816234496 0.20112123027057494
1 0.29794074126268316 0.5211716988444194 0.19509230552423895 0.17039969701240137
1 0.29828644658962794 0.6038106855975197 0.19376673478015782 0.22889215755355125
1 0.5873357349210824 0.552051772125141 0.22146719983089064 0.19696395856820753
1 0.7018016312006763 0.4764854319334837 0.20718098224351733 0.19998502677564828
1 0.9186359392615557 0.49028942361894023 0.16272812147688842 0.21283117249154454
1 0.914022864994363 0.7157421434611049 0.17195427001127395 0.19806052705749722
1 0.9257834519447576 0.8156069440529875 0.14843309611048483 0.18724897829763254
1 0.1710074337655017 0.8092257081454342 0.2562359075535513 0.2179969348928975
1 0.15709114289740697 0.9634675345264938 0.22995349492671927 0.0730649309470125
1 0.9426459448985344 0.8914441234498307 0.11470811020293126 0.18920870913190535
1 0.9858436971533258 0.2996846815107102 0.02831260569334848 0.11503840191657264
1 0.23601765078917697 0.02734595194475761 0.1603280016910936 0.05469190388951522
