0 0.31318040093010147 0.5380187781848929 0.4244953142615558 0.3797914317925592
1 0.030732542981961663 0.09302996406426156 0.061465085963923326 0.1848620701803833
1 0.16698448069334837 0.13109938697857948 0.189723964205186 0.16530439684329196
1 0.19837320321307778 0.0812319440529876 0.23571378241262683 0.1624638881059752
1 0.33541123520293126 0.2234797773393461 0.18943330749718157 0.18909420800450957
1 0.08328856045659525 0.32482648675310033 0.16119556792559186 0.24921610766629088
1 0.5272600760992109 0.1253765325535513 0.21402022266065385 0.2030589416572717
1 0.7290286781285231 0.14174138599210823 0.1844701240135288 0.21106521279594137
1 0.7997111048478016 0.025736330326944758 0.18085012683201807 0.051472660653889515
1 0.9152867812852312 0.14981811936302142 0.16942643742953767 0.21509917559188274
1 0.7936469489853439 0.37189745983652756 0.17309047350620055 0.21347854425028184
1 0.8482419673055241 0.32323448069334837 0.19968115839909817 0.19319422914317924
1 0.8758059117812853 0.5433254650507328 0.20375035231116112 0.18652233652762118
1 0.665286781285231 0.5602914494081173 0.16636133032694478 0.17444246758737314
1 0.683864589205186 0.6563270680665163 0.2009714980270575 0.21242161076662913
1 0.8645143390642617 0.7450852593010147 0.1702279453213078 0.19166607948139802
1 0.9816776176719277 0.8009970405862459 0.03664476465614441 0.1711703776775647
1 0.9317969630777903 0.9502030193066516 0.13640607384441938 0.09959396138669674
1 0.6029937640924463 0.8200812958004509 0.21805418545659527 0.2585303339909808
1 0.7494495138105974 0.9297381447294251 0.21012718432919952 0.14052371054114998
1 0.4569784033258173 0.9729601183765502 0.1967217446448703 0.05407976324689967
1 0.06959466600901916 0.6438046082299886 0.13918933201803832 0.2137912204058624
1 0.10885313909244645 0.7464042242108231 0.18916907412626832 0.16219965473506204
1 0.21360405510146563 0.8305845722942502 0.17560509441939123 0.17734903466741836
1 0.07087839980270574 0.9621177423900789 0.1417567996054115 0.07576451521984218
1 0.26636925732807215 0.9350646490980834 0.18008385005636976 0.12049041713641484
