1 0.189993254084014 0.10514740738039671 0.24591598599766623 0.21029481476079342
1 0.5121289746207701 0.03328972797549591 0.20111945740956833 0.06657945595099182
1 0.8310626640898482 0.06247948876896149 0.22932923716452736 0.12495897753792298
1 0.31125565198366395 0.15584433343057175 0.22700918903150527 0.20945157526254377
1 0.12924354579929986 0.29914263054259044 0.21335326721120185 0.20518068115519258
1 0.08585317605017502 0.4263487273920653 0.17170635210035004 0.2393842984247374
1 0.19901363768961494 0.5238750729288214 0.21496681738623105 0.23327195157526254
1 0.32911181811551915 0.3648287084305717 0.2112702377479579 0.18547166715285873
1 0.5596603340140023 0.3472232351225204 0.22299810385064173 0.2188867415402567
1 0.7566160115227536 0.20577094880396732 0.2511896514002333 0.23162649504084015
1 0.9261937536464411 0.27252133168028 0.14761249270711796 0.2072637106184363
1 0.806387653150525 0.445975696470245 0.1919577742123687 0.20002096703617267
1 0.47519964264877473 0.4922535917444574 0.23256089556592763 0.22518141044340717
1 0.3938201939906651 0.6201251640898482 0.23948001750291714 0.22732369457409562
1 0.028032015752625438 0.7110081497957993 0.056064031505250876 0.1798287995915986
1 0.18478112237456243 0.7447468458284713 0.20483426925320886 0.20533565490081673
1 0.08879084014002334 0.8969128318261377 0.17758168028004667 0.19587314031505254
1 0.6634973016336057 0.5972847688156359 0.19811114352392079 0.20801578908984836
1 0.9784518122812135 0.05008158911901984 0.04309637543757305 0.10016317823803968
1 0.8521641627771294 0.6640830112310384 0.21533146149358218 0.2127288141773629
1 0.9241107241831971 0.621137051487748 0.14454948220536767 0.23822655338389742
1 0.45315006928238033 0.8195649795799298 0.2072500364644107 0.2091507438739787
1 0.4058648446616102 0.9086247447491247 0.2120359903733955 0.17116394399066492
1 0.584937007730455 0.9614160953908985 0.2020538579346557 0.07214483663943994
1 0.6799154025670944 0.8184892794632437 0.2363440781796965 0.22076465869311568
1 0.8053301852392065 0.8880565380688447 0.22475751166861146 0.22053219807467905
1 0.9127406651108517 0.9312190052508751 0.16846557759626601 0.13756198949824983
