0 0.6088113021420518 0.5775855235343855 0.32701521984216464 0.3576002325253664
1 0.08604979918263811 0.12058730270574972 0.17209959836527622 0.2018390642615558
1 0.0702244222096956 0.2337958885287486 0.1404488444193912 0.1913357877677565
1 0.052340226888387825 0.36041431792559186 0.10468045377677565 0.1954270011273957
1 0.14378699267192785 0.30299640642615555 0.1948544954904171 0.20425239571589626
1 0.19477082158962794 0.023580626409244645 0.16101500845546787 0.04716125281848929
1 0.37715130002818487 0.03932012753664036 0.1946739360202931 0.07864025507328072
1 0.2609414635005637 0.12393866262683201 0.22462038472378798 0.1830608793686584
1 0.32299006482525366 0.20411147125140922 0.21196801014656144 0.1719278466741826
1 0.16205432638105974 0.47271570250845546 0.19224739289740694 0.19139744222096955
1 0.055709202367531 0.6144614923900789 0.111418404735062 0.18561513528748586
1 0.09864932708568207 0.720035935738444 0.19729865417136414 0.20186548759864698
1 0.11819378875422773 0.8240954410935739 0.23638757750845546 0.20207687429537768
1 0.3484599598365276 0.7421104319334837 0.16603103861330326 0.18458902903043972
1 0.28989483511837655 0.728526634723788 0.15570391770011274 0.18229460259301022
1 0.07077711034385568 0.9557937570462232 0.14155422068771137 0.08575253664036064
1 0.29460919884441933 0.9226434787204059 0.22017245631341595 0.15471304255918827
1 0.33875819123449835 0.9431898252536641 0.1915912133596393 0.11362034949267186
1 0.4526119468714769 0.3117755601747463 0.1947179749154453 0.16485079622322427
1 0.5243535090191657 0.28287283328635854 0.2001039317925592 0.18262489430665166
1 0.6767985484780157 0.28524652973506204 0.17047456313415998 0.18228139092446452
1 0.6783883525930101 0.09317969630777903 0.22243165163472378 0.17305964627959414
1 0.7990681369785795 0.16221506834836527 0.17865698985343859 0.2180233582299887
1 0.9011789212232244 0.0515365170518602 0.1976421575535513 0.09895099351747463
1 0.9504078001691094 0.22215200465050733 0.09918439966178128 0.22457634582863584
1 0.9292669285512964 0.611627589487035 0.141466142897407 0.19940371335963936
1 0.9197831524802705 0.7034927247745209 0.14259794250281854 0.20612404875986468
1 0.5606745877959414 0.9332524485625704 0.2066613232807215 0.1334951028748591
1 0.6081419109357384 0.8916489043122885 0.20024485625704624 0.1335479495490417
1 0.7597612211104847 0.930431757328072 0.1910187077226606 0.1391364853438558
1 0.9645200641206313 0.8492350443912062 0.07095987175873752 0.18850849069898523
1 0.9361744292559189 0.9246318348365276 0.12765114148816237 0.1507363303269449
