0 0.5218543017192784 0.48464143531567083 0.41744028325817356 0.42159755496054113
1 0.02865831102029312 0.04605587655016911 0.05731662204058624 0.09211175310033821
1 0.17268531567080045 0.015715279735062006 0.19296082299887257 0.03143055947012401
1 0.17927573633032695 0.15024309470124012 0.21325834977452085 0.199179114994363
1 0.11976377536640359 0.24452156144306653 0.20258772547914317 0.18476078072153326
1 0.160686918686584 0.32414608582299886 0.19398692925591882 0.21467640219842166
1 0.3597977733934611 0.2177327015219842 0.19678339909808346 0.17024556087936868
1 0.4488950641206314 0.18467050098647125 0.20685509441939126 0.14173918404735064
1 0.6765607384441938 0.08961254580045096 0.22194722378804965 0.17922509160090191
1 0.8459321272547915 0.03144597308342728 0.14067344278466742 0.06289194616685456
1 0.9501039317925593 0.11480939966178129 0.09744045941375423 0.2259195321307779
1 0.7288371089346111 0.2725919532130777 0.18934522970687706 0.1798724633596392
1 0.8576398675310033 0.23367037767756482 0.1987299182638106 0.23714945039458848
1 0.8319938169391206 0.38918713007328076 0.1725047562006763 0.19085135992108232
1 0.9179203072153325 0.3687596885569335 0.16037204058624566 0.2221850338218715
1 0.22866535724351744 0.532243077085682 0.172416678410372 0.22819634301014652
1 0.30197910794813976 0.7059346815107101 0.20541502254791424 0.20829516629086797
1 0.14576433906426153 0.7608820109921082 0.2092111753100338 0.1971533258173619
1 0.07341504016347238 0.8073562570462233 0.14683008032694475 0.21970124013528758
1 0.17157993940248029 0.9406223576662909 0.2319968996617813 0.11875528466741825
1 0.2448672667700113 0.9212298301860203 0.2080001056933484 0.15754033962795932
1 0.43411781285231116 0.8633517122322434 0.19762894588500568 0.22531179537767743
1 0.557351853156708 0.9495248203213078 0.19768179255918822 0.10095035935738439
1 0.7757517439402479 0.9675433342728297 0.18741632609921088 0.06491333145434064
