0 0.3960080586347724 0.45789500072928824 0.29068516627771296 0.3492606840723454
1 0.4097779317386231 0.09968230382147024 0.24494056301050177 0.19936460764294048
1 0.6225728376604435 0.2684555498833139 0.20053146878646433 0.21503063010501755
1 0.9338626750291714 0.12102993728121351 0.13227464994165705 0.23955294632438737
1 0.8393286901983663 0.2505788725204201 0.23447527712952143 0.2560895565927655
1 0.8751002771295215 0.479178821470245 0.2224784859976663 0.17820157526254377
1 0.6350391080805133 0.5166779098599765 0.21208157088681456 0.2631180717619602
1 0.8598422002625437 0.6682285589264878 0.2623568771878646 0.21436515460910133
1 0.4652608116977829 0.8173224183197199 0.21307522607934642 0.3005761376896149
1 0.6564254849766626 0.8526427581680279 0.18842528442240358 0.2913688739789966
1 0.8564874744749125 0.8741590395274211 0.2245341671528588 0.24098873249708297
1 0.3214451757584597 0.9659809838098016 0.207405010210035 0.06803803238039685
1 0.5450381053092181 0.02174418392648774 0.17615956826137685 0.04348836785297548
