0 0.41088509371476883 0.520964716037204 0.23727716319052983 0.2434426085118377
1 0.07642730059188274 0.18705300521420518 0.15285460118376548 0.1847739923900789
1 0.06983247604284104 0.3121234674464487 0.13966495208568208 0.21534579340473511
1 0.14201442714205187 0.10433695039458851 0.2246556158399098 0.20013916290868095
1 0.4439252748027057 0.03762242812852311 0.2056968714768883 0.07524485625704622
1 0.7557162485907554 0.0415264761837655 0.23012084272829758 0.083052952367531
1 0.31097845617249154 0.20534456031567078 0.18111876409244643 0.18942009582863584
1 0.4982406461386697 0.24906637542277338 0.18778625281848932 0.20274626550169106
1 0.5755575324126267 0.21817749436302142 0.21490980834272827 0.2247216741826381
1 0.8586307426719278 0.2071853861330327 0.188724281285231 0.219912626832018
1 0.8852038120067642 0.317958621054115 0.22959237598647142 0.1990073633032694
1 0.9585814191093573 0.4420294003664036 0.0828371617812853 0.17355288190529872
1 0.6192287027903043 0.42685579904171356 0.21343450535512953 0.17054502536640354
1 0.6594097907271702 0.5461329446166854 0.23282042700112737 0.21169056510710255
1 0.6330657236471251 0.6474047879086808 0.22298213782412624 0.20662609216459982
1 0.21467860414317924 0.4706458744363021 0.14496283117249154 0.2640704270011274
1 0.0931752924182638 0.5665273569616686 0.18318859216459976 0.2229645222660655
1 0.11244230904735061 0.6531122287204059 0.21549552564825253 0.2189569828072152
1 0.28694202719842166 0.7105697752254791 0.20758614007891765 0.1948060527057497
1 0.06406338077790304 0.8511969771702368 0.12812676155580607 0.18262929819616702
1 0.06225778607666291 0.9829921786922209 0.12451557215332582 0.03401564261555812
1 0.22804000493235627 0.954016787626832 0.19733388528748588 0.09196642474633598
1 0.188341142897407 0.8924085752536641 0.21181827790304397 0.15170518602029304
1 0.36533126056933485 0.8451790621476889 0.22543950817361896 0.21512559892897398
1 0.5096797491544531 0.8385996512119503 0.18302564825253664 0.2224448633032694
1 0.8845366227452085 0.600952561302142 0.21807620490417134 0.1995886767192785
1 0.8458770786358509 0.698879650507328 0.20391770011273957 0.2012137119503946
1 0.9609529136133033 0.816738743658399 0.07809417277339348 0.21967041290868095
1 0.9189398076381059 0.9503175204340473 0.15826257750845552 0.09936495913190535
1 0.8164216636133033 0.8790603861330328 0.184677106820744 0.14439472942502807
1 0.7194348048196166 0.9131222695885006 0.20889849915445324 0.17375546082299886
1 0.594670412908681 0.9823359991544531 0.15188134160090194 0.035328001691093625
