0 0.46550653537204056 0.3179321977170237 0.4094692432356257 0.43945973083427287
1 0.03904708638669673 0.13440890994926716 0.07809417277339346 0.16153026352874855
1 0.06098726395152198 0.04910557003945885 0.12197452790304396 0.0982111400789177
1 0.19710488303269447 0.08975126832018038 0.2029136133032694 0.17950253664036075
1 0.3216292629650507 0.10308624577226605 0.17291431792559178 0.18600267756482525
1 0.7050649133314544 0.12639603297632468 0.2201724563134161 0.2330186020293123
1 0.7787926296505073 0.04345317784667418 0.22297773393461107 0.08690635569334836
1 0.924849827367531 0.209825517897407 0.15030034526493807 0.2245146913754228
1 0.061053322294250284 0.3533614888669673 0.12210664458850057 0.24567978438556934
1 0.16064067784667418 0.3822906390924465 0.17741509301014657 0.19732507750845552
1 0.07972140994926719 0.6958343609075535 0.15944281989853437 0.2161208779594137
1 0.2739813803551297 0.7855349844983088 0.22562447153325818 0.2296980693348365
1 0.4809179467305524 0.6698183835963923 0.2229336950394588 0.23374964768883877
1 0.6455573562570462 0.757755249436302 0.20362704340473503 0.29275295941375423
1 0.5968525401634724 0.941677089205186 0.2306184822435176 0.116645821589628
1 0.8520183025648252 0.973367478156708 0.16303639374295353 0.053265043686584024
1 0.950691851042841 0.9034381165445322 0.09861629791431792 0.19129174887260436
1 0.9740566868658399 0.7612651493799323 0.05188662626832019 0.09786323280721543
1 0.9533606080890642 0.6045241156989853 0.09327878382187149 0.17393161640360766
1 0.8408786640360766 0.4761683518883878 0.21783399098083434 0.22029576521984212
