0 0.4527704868940248 0.5222946906708004 0.2813248661217588 0.35009600479143166
1 0.0951504368658399 0.04573659456031567 0.1903008737316798 0.09147318912063133
1 0.05722634230552424 0.18688125352311163 0.11445268461104847 0.2112237528184893
1 0.07808756693912063 0.36129509582863584 0.15617513387824125 0.21916396561443063
1 0.05991711879932356 0.524188363162345 0.11983423759864711 0.2172042347801577
1 0.025128593573844418 0.6937843503382186 0.050257187147688835 0.16699549041713635
1 0.05226536076662908 0.9522244045941375 0.10453072153325817 0.09555119081172503
1 0.11876409244644871 0.8125066058342728 0.20367108229988726 0.23149045236753096
1 0.23455335752536638 0.36827966459977446 0.1936962725479143 0.22397301296505073
1 0.30824364078354005 0.028013141206313413 0.2128708074971815 0.056026282412626825
1 0.4148155651071026 0.08762198773957158 0.23390818771138672 0.17524397547914317
1 0.3467578565388952 0.22966283821871475 0.2234621617812853 0.21480411499436303
1 0.6242689543404736 0.018533769024802704 0.17879791431792558 0.03706753804960541
1 0.951803833145434 0.14872155087373168 0.09639233370913192 0.23468767615558062
1 0.8591790269165726 0.14309778396279593 0.16606626972942484 0.28619556792559186
1 0.712558131341601 0.21052133244081175 0.22884371476888388 0.2912952719842165
1 0.5390757116685456 0.3694246758737316 0.2230041572717022 0.24261908117249142
1 0.7451689332018039 0.4140074513810597 0.21941058342728292 0.22632909385569333
1 0.9758292523957159 0.5514902762119505 0.04834149520856823 0.1721040022547914
1 0.8175886943348365 0.5886745173337091 0.290942960822999 0.2102020504509583
1 0.8721418757046222 0.7481195391770011 0.22892298478015782 0.1813345546786922
1 0.9549394024802704 0.9007715614430664 0.09012119503945903 0.19553269447576094
1 0.7894390325535512 0.9056774943630215 0.21986418404735064 0.1863285653889516
1 0.5778101218996617 0.828125 0.24661340896279588 0.20670095828635848
1 0.4689966178128523 0.9481111717869222 0.224880214205186 0.10377765642615577
1 0.23138475901916572 0.918037010287486 0.2388757750845547 0.16392597942502818
1 0.3504307003945885 0.7780021314825254 0.24635357948139802 0.20938292700112748
